  0.0000000000000000E+00   0.9999999939225290E-08   0.9999999939225290E-08   0.2000000000000000E+01   0.9999999939225290E-08   0.9999999939225290E-08   0.9999999939225290E-08   0.9999999939225290E-08   0.2000000000000000E+01   0.9999999939225290E-08   0.5000000000000000E+00   0.1000000014901161E+00   0.9999999939225290E-08   0.1300000000000000E+05   0.2000000000000000E+06   0.9999999939225290E-08   0.9999999939225290E-08
  0.1645440477712053E-22   0.1002468096739075E-07   0.9999999939228447E-08   0.1999999999884475E+01   0.1001131172122067E-07   0.9999788352898259E-08   0.9993640178616173E-08   0.1061262255411204E-07   0.1999999999373804E+01   0.1011778620368731E-07   0.4999999997205312E+00   0.1000000017335921E+00   0.9239958010324839E-08   0.1300000000000000E+05   0.2000000000000000E+06   0.9999999939225290E-08   0.9999999939225290E-08
  0.3392618909765537E-22   0.1004884825399412E-07   0.9999999939231799E-08   0.1999999999771355E+01   0.1002402052546518E-07   0.9999563689041875E-08   0.9988081203073033E-08   0.1119751534352068E-07   0.1999999998769231E+01   0.1023787774468912E-07   0.4999999994170081E+00   0.1000000020002391E+00   0.8503656564609700E-08   0.1300000000000000E+05   0.2000000000000000E+06   0.9999999939225290E-08   0.9999999939225290E-08
  0.5102923701586138E-22   0.1007064937769720E-07   0.9999999939235081E-08   0.1999999999669310E+01   0.1003708625090537E-07   0.9999343771533060E-08   0.9983774509155132E-08   0.1171045159281776E-07   0.1999999998232380E+01   0.1035077176406793E-07   0.4999999991137443E+00   0.1000000022686360E+00   0.7847266140708482E-08   0.1300000000000000E+05   0.2000000000000000E+06   0.9999999939225290E-08   0.9999999939225290E-08
  0.6810425353573847E-22   0.1009074594606222E-07   0.9999999939238356E-08   0.1999999999575244E+01   0.1005068306389896E-07   0.9999124219287480E-08   0.9980542049554337E-08   0.1216903758930518E-07   0.1999999997745879E+01   0.1045915670597792E-07   0.4999999988054692E+00   0.1000000025432177E+00   0.7249834280553301E-08   0.1300000000000000E+05   0.2000000000000000E+06   0.9999999939225290E-08   0.9999999939225290E-08
  0.8499754313108231E-22   0.1010913212573218E-07   0.9999999939241597E-08   0.1999999999489183E+01   0.1006462143114813E-07   0.9998907008448696E-08   0.9978344804334938E-08   0.1257484297084492E-07   0.1999999997308968E+01   0.1056238464809538E-07   0.4999999984955528E+00   0.1000000028208096E+00   0.6710673655196419E-08   0.1300000000000000E+05   0.2000000000000000E+06   0.9999999939225290E-08   0.9999999939225290E-08
  0.1014988120001645E-21   0.1012577965232781E-07   0.9999999939244762E-08   0.1999999999411261E+01   0.1007865402701380E-07   0.9998694842696589E-08   0.9977116099224313E-08   0.1292931652010937E-07   0.1999999996921179E+01   0.1065958953974265E-07   0.4999999981885292E+00   0.1000000030971531E+00   0.6229543796934075E-08   0.1300000000000000E+05   0.2000000000000000E+06   0.9999999939225290E-08   0.9999999939225290E-08
  0.1184194540282969E-21   0.1014162072153981E-07   0.9999999939248010E-08   0.1999999999337113E+01   0.1009342595391380E-07   0.9998477289511748E-08   0.9976755656644083E-08   0.1325359797359821E-07   0.1999999996560117E+01   0.1075574663700484E-07   0.4999999978696905E+00   0.1000000033853788E+00   0.5778852692651320E-08   0.1300000000000000E+05   0.2000000000000000E+06   0.9999999939225290E-08   0.9999999939225290E-08
  0.1353163537843230E-21   0.1015630502518547E-07   0.9999999939251251E-08   0.1999999999268380E+01   0.1010852155581831E-07   0.9998260046311339E-08   0.9977264223725392E-08   0.1354133268325523E-07   0.1999999996233362E+01   0.1084840455837817E-07   0.4999999975476137E+00   0.1000000036776757E+00   0.5368171588989543E-08   0.1300000000000000E+05   0.2000000000000000E+06   0.9999999939225290E-08   0.9999999939225290E-08
  0.1519386970397236E-21   0.1016974075088144E-07   0.9999999939254440E-08   0.1999999999205491E+01   0.1012367002353777E-07   0.9998046337685858E-08   0.9978573946182352E-08   0.1379234030614082E-07   0.1999999995942050E+01   0.1093644853186390E-07   0.4999999972275056E+00   0.1000000039691996E+00   0.4999226076745877E-08   0.1300000000000000E+05   0.2000000000000000E+06   0.9999999939225290E-08   0.9999999939225290E-08
  0.1684807438827738E-21   0.1018220308638782E-07   0.9999999939257613E-08   0.1999999999147159E+01   0.1013900534998133E-07   0.9997833665942982E-08   0.9980639562324629E-08   0.1401337924370383E-07   0.1999999995679295E+01   0.1102116195892759E-07   0.4999999969060230E+00   0.1000000042628846E+00   0.4663610434027007E-08   0.1300000000000000E+05   0.2000000000000000E+06   0.9999999939225290E-08   0.9999999939225290E-08
  0.1844453555421549E-21   0.1019344399388758E-07   0.9999999939260677E-08   0.1999999999094543E+01   0.1015402295910319E-07   0.9997628422247592E-08   0.9983323386164573E-08   0.1420187925236640E-07   0.1999999995449252E+01   0.1110030354496059E-07   0.4999999965932486E+00   0.1000000045494004E+00   0.4367026498869926E-08   0.1300000000000000E+05   0.2000000000000000E+06   0.9999999939225290E-08   0.9999999939225290E-08
  0.2003217276328144E-21   0.1020392087742851E-07   0.9999999939263723E-08   0.1999999999045504E+01   0.1016914465159021E-07   0.9997424317153403E-08   0.9986636714676456E-08   0.1436724723843830E-07   0.1999999995241525E+01   0.1117657946185317E-07   0.4999999962799733E+00   0.1000000048370772E+00   0.4096470691365643E-08   0.1300000000000000E+05   0.2000000000000000E+06   0.9999999939225290E-08   0.9999999939225290E-08
  0.2161131421363975E-21   0.1021370463537434E-07   0.9999999939266755E-08   0.1999999998999709E+01   0.1018434836774952E-07   0.9997221308399301E-08   0.9990543581174598E-08   0.1451174354132784E-07   0.1999999995054047E+01   0.1125015259250905E-07   0.4999999959663641E+00   0.1000000051256989E+00   0.3849506917216987E-08   0.1300000000000000E+05   0.2000000000000000E+06   0.9999999939225290E-08   0.9999999939225290E-08
  0.2315494439262396E-21   0.1022270443662523E-07   0.9999999939269717E-08   0.1999999998957583E+01   0.1019934794862315E-07   0.9997022868831157E-08   0.9994927972373069E-08   0.1463535713488302E-07   0.1999999994887757E+01   0.1131995478162788E-07   0.4999999956580404E+00   0.1000000054100232E+00   0.3627707361220019E-08   0.1300000000000000E+05   0.2000000000000000E+06   0.9999999939225290E-08   0.9999999939225290E-08
  0.2467488248025116E-21   0.1023106523968745E-07   0.9999999939272631E-08   0.1999999998918448E+01   0.1021423355366697E-07   0.9996827478820864E-08   0.9999769470777803E-08   0.1474146847066752E-07   0.1999999994739124E+01   0.1138672589350874E-07   0.4999999953528920E+00   0.1000000056919252E+00   0.3426737007043935E-08   0.1300000000000000E+05   0.2000000000000000E+06   0.9999999939225290E-08   0.9999999939225290E-08
  0.2619384802428373E-21   0.1023896369800221E-07   0.9999999939275546E-08   0.1999999998881478E+01   0.1022920977308344E-07   0.9996632217647629E-08   0.1000510729724491E-07   0.1483332810073431E-07   0.1999999994604396E+01   0.1145158901855553E-07   0.4999999950465300E+00   0.1000000059754126E+00   0.3241801747732057E-08   0.1300000000000000E+05   0.2000000000000000E+06   0.9999999939225290E-08   0.9999999939225290E-08
  0.2768695875589184E-21   0.1024631754155081E-07   0.9999999939278410E-08   0.1999999998847056E+01   0.1024401530600998E-07   0.9996440283796280E-08   0.1001082195387705E-07   0.1491094542642789E-07   0.1999999994484382E+01   0.1151360059496024E-07   0.4999999947441294E+00   0.1000000062556538E+00   0.3074298812526526E-08   0.1300000000000000E+05   0.2000000000000000E+06   0.9999999939225290E-08   0.9999999939225290E-08
  0.2916759859210920E-21   0.1025323978862255E-07   0.9999999939281251E-08   0.1999999998814655E+01   0.1025876776110882E-07   0.9996249956671496E-08   0.1001692910800283E-07   0.1497652193617852E-07   0.1999999994376608E+01   0.1157344692630631E-07   0.4999999944431345E+00   0.1000000065349739E+00   0.2921094115133507E-08   0.1300000000000000E+05   0.2000000000000000E+06   0.9999999939225290E-08   0.9999999939225290E-08
  0.3063638379845548E-21   0.1025977058918184E-07   0.9999999939284070E-08   0.1999999998784087E+01   0.1027346093644666E-07   0.9996061156966754E-08   0.1002340395806042E-07   0.1503127995176256E-07   0.1999999994279921E+01   0.1163125138145622E-07   0.4999999941435435E+00   0.1000000068133410E+00   0.2780832818444870E-08   0.1300000000000000E+05   0.2000000000000000E+06   0.9999999939225290E-08   0.9999999939225290E-08
  0.3207479198062652E-21   0.1026586677868740E-07   0.9999999939286829E-08   0.1999999998755552E+01   0.1028789773177059E-07   0.9995876265423310E-08   0.1003013182786707E-07   0.1507577493776511E-07   0.1999999994194372E+01   0.1168640387729307E-07   0.4999999938492617E+00   0.1000000070870898E+00   0.2653924481969361E-08   0.1300000000000000E+05   0.2000000000000000E+06   0.9999999939225290E-08   0.9999999939225290E-08
  0.3348848312576167E-21   0.1027159119132614E-07   0.9999999939289542E-08   0.1999999998728758E+01   0.1030212413807068E-07   0.9995694554315284E-08   0.1003710322741033E-07   0.1511140879511991E-07   0.1999999994118459E+01   0.1173925088145634E-07   0.4999999935592558E+00   0.1000000073571449E+00   0.2538521401969246E-08   0.1300000000000000E+05   0.2000000000000000E+06   0.9999999939225290E-08   0.9999999939225290E-08
  0.3492257129649821E-21   0.1027714799732452E-07   0.9999999939292294E-08   0.1999999998702748E+01   0.1031658648276272E-07   0.9995510224817346E-08   0.1004452544937846E-07   0.1514001286692081E-07   0.1999999994049124E+01   0.1179152920730565E-07   0.4999999932643435E+00   0.1000000076320382E+00   0.2430197631660539E-08   0.1300000000000000E+05   0.2000000000000000E+06   0.9999999939225290E-08   0.9999999939225290E-08
  0.3629965841599565E-21   0.1028226430490757E-07   0.9999999939294937E-08   0.1999999998678800E+01   0.1033049662459765E-07   0.9995333225108106E-08   0.1005197242428000E-07   0.1516089718144308E-07   0.1999999993989300E+01   0.1184050672882358E-07   0.4999999929805279E+00   0.1000000078968272E+00   0.2333862371300855E-08   0.1300000000000000E+05   0.2000000000000000E+06   0.9999999939225290E-08   0.9999999939225290E-08
  0.3768911311925178E-21   0.1028722453585140E-07   0.9999999939297604E-08   0.1999999998655583E+01   0.1034454831014025E-07   0.9995154638945810E-08   0.1005979210467013E-07   0.1517595245525802E-07   0.1999999993935171E+01   0.1188874623567755E-07   0.4999999926935973E+00   0.1000000081647460E+00   0.2243735993755429E-08   0.1300000000000000E+05   0.2000000000000000E+06   0.9999999939225290E-08   0.9999999939225290E-08
  0.3906899395528276E-21   0.1029196436422314E-07   0.9999999939300251E-08   0.1999999998633397E+01   0.1035851440298445E-07   0.9994977286467556E-08   0.1006785081489111E-07   0.1518539548896160E-07   0.1999999993887178E+01   0.1193551624470971E-07   0.4999999924081304E+00   0.1000000084315070E+00   0.2160758319582794E-08   0.1300000000000000E+05   0.2000000000000000E+06   0.9999999939225290E-08   0.9999999939225290E-08
  0.4041677463525408E-21   0.1029642773681549E-07   0.9999999939302838E-08   0.1999999998612505E+01   0.1037216174982831E-07   0.9994804062776535E-08   0.1007599355055358E-07   0.1518973841747839E-07   0.1999999993845460E+01   0.1198013498218748E-07   0.4999999921288543E+00   0.1000000086926724E+00   0.2085543198489591E-08   0.1300000000000000E+05   0.2000000000000000E+06   0.9999999939225290E-08   0.9999999939225290E-08
  0.4176973149890349E-21   0.1030075493079560E-07   0.9999999939305433E-08   0.1999999998592251E+01   0.1038586339512671E-07   0.9994630176835388E-08   0.1008442756261231E-07   0.1518963035020168E-07   0.1999999993808359E+01   0.1202389699818680E-07   0.4999999918480985E+00   0.1000000089553993E+00   0.2015426398429791E-08   0.1300000000000000E+05   0.2000000000000000E+06   0.9999999939225290E-08   0.9999999939225290E-08
  0.4311418527747189E-21   0.1030491360884996E-07   0.9999999939308013E-08   0.1999999998572786E+01   0.1039947697261697E-07   0.9994457386732245E-08   0.1009305721569867E-07   0.1518543884774694E-07   0.1999999993775909E+01   0.1206639051166036E-07   0.4999999915687399E+00   0.1000000092169857E+00   0.1950722478780020E-08   0.1300000000000000E+05   0.2000000000000000E+06   0.9999999939225290E-08   0.9999999939225290E-08
  0.4442127152041883E-21   0.1030883119471992E-07   0.9999999939310523E-08   0.1999999998554449E+01   0.1041270697232845E-07   0.9994289401993842E-08   0.1010167599619949E-07   0.1517776855599364E-07   0.1999999993748300E+01   0.1210677778868824E-07   0.4999999912968269E+00   0.1000000094717511E+00   0.1892239127423222E-08   0.1300000000000000E+05   0.2000000000000000E+06   0.9999999939225290E-08   0.9999999939225290E-08
  0.4573805858411270E-21   0.1031266152091801E-07   0.9999999939313049E-08   0.1999999998536520E+01   0.1042602693756500E-07   0.9994120173375748E-08   0.1011057870630185E-07   0.1516673997782769E-07   0.1999999993724149E+01   0.1214656535413377E-07   0.4999999910226076E+00   0.1000000097288201E+00   0.1837427138606677E-08   0.1300000000000000E+05   0.2000000000000000E+06   0.9999999939225290E-08   0.9999999939225290E-08
  0.4703894418485645E-21   0.1031633890787768E-07   0.9999999939315544E-08   0.1999999998519307E+01   0.1043917522157777E-07   0.9993952991168906E-08   0.1011958282229195E-07   0.1515284725335084E-07   0.1999999993703665E+01   0.1218500724850178E-07   0.4999999907514426E+00   0.1000000099831594E+00   0.1787048181753009E-08   0.1300000000000000E+05   0.2000000000000000E+06   0.9999999939225290E-08   0.9999999939225290E-08
  0.4832889823742803E-21   0.1031988795422163E-07   0.9999999939318019E-08   0.1999999998502695E+01   0.1045219993719064E-07   0.9993787216582253E-08   0.1012870881430813E-07   0.1513636296512797E-07   0.1999999993686447E+01   0.1222229688789640E-07   0.4999999904823285E+00   0.1000000102356998E+00   0.1740543076608293E-08   0.1300000000000000E+05   0.2000000000000000E+06   0.9999999939225290E-08   0.9999999939225290E-08
  0.4961309690663129E-21   0.1032333143120170E-07   0.9999999939320482E-08   0.1999999998486577E+01   0.1046515138711534E-07   0.9993622184362976E-08   0.1013798231737005E-07   0.1511748656112669E-07   0.1999999993672168E+01   0.1225861865599999E-07   0.4999999902142119E+00   0.1000000104874215E+00   0.1697429282539323E-08   0.1300000000000000E+05   0.2000000000000000E+06   0.9999999939225290E-08   0.9999999939225290E-08
  0.5089287172607135E-21   0.1032668009441196E-07   0.9999999939322936E-08   0.1999999998470903E+01   0.1047804116866604E-07   0.9993457723363386E-08   0.1014740382195548E-07   0.1509642383539703E-07   0.1999999993660596E+01   0.1229403743759757E-07   0.4999999899468379E+00   0.1000000107385571E+00   0.1657413277325055E-08   0.1300000000000000E+05   0.2000000000000000E+06   0.9999999939225290E-08   0.9999999939225290E-08
  0.5215929463434517E-21   0.1032991788368809E-07   0.9999999939325368E-08   0.1999999998455748E+01   0.1049077790647316E-07   0.9993294980852382E-08   0.1015689730483656E-07   0.1507354698037161E-07   0.1999999993651590E+01   0.1232833889256480E-07   0.4999999896820942E+00   0.1000000109873262E+00   0.1620520667418954E-08   0.1300000000000000E+05   0.2000000000000000E+06   0.9999999939225290E-08   0.9999999939225290E-08
  0.5341506341263482E-21   0.1033305892623868E-07   0.9999999939327776E-08   0.1999999998441046E+01   0.1050338763943642E-07   0.9993133610074360E-08   0.1016647192912789E-07   0.1504902715583165E-07   0.1999999993644908E+01   0.1236163282381109E-07   0.4999999894194385E+00   0.1000000112342311E+00   0.1586421160907470E-08   0.1300000000000000E+05   0.2000000000000000E+06   0.9999999939225290E-08   0.9999999939225290E-08
  0.5466447401101056E-21   0.1033612002925251E-07   0.9999999939330175E-08   0.1999999998426717E+01   0.1051591244975043E-07   0.9992973058931318E-08   0.1017615121745939E-07   0.1502296611584458E-07   0.1999999993640343E+01   0.1239406237856456E-07   0.4999999891579905E+00   0.1000000114800931E+00   0.1554787444481760E-08   0.1300000000000000E+05   0.2000000000000000E+06   0.9999999939225290E-08   0.9999999939225290E-08
  0.5591484281594541E-21   0.1033912385846814E-07   0.9999999939332572E-08   0.1999999998412658E+01   0.1052842448770381E-07   0.9992812387239780E-08   0.1018598506306062E-07   0.1499535979505171E-07   0.1999999993637724E+01   0.1242583603475620E-07   0.4999999888962346E+00   0.1000000117263331E+00   0.1525270396312786E-08   0.1300000000000000E+05   0.2000000000000000E+06   0.9999999939225290E-08   0.9999999939225290E-08
  0.5714737935769681E-21   0.1034203040941761E-07   0.9999999939334940E-08   0.1999999998399053E+01   0.1054073498777688E-07   0.9992654009512515E-08   0.1019581721227367E-07   0.1496677891346956E-07   0.1999999993636931E+01   0.1245650321511845E-07   0.4999999886381198E+00   0.1000000119692309E+00   0.1498134897297140E-08   0.1300000000000000E+05   0.2000000000000000E+06   0.9999999939225290E-08   0.9999999939225290E-08
  0.5837076845334955E-21   0.1034486553148255E-07   0.9999999939337287E-08   0.1999999998385783E+01   0.1055293038881700E-07   0.9992496809690551E-08   0.1020570717338281E-07   0.1493718071930503E-07   0.1999999993637794E+01   0.1248631377984003E-07   0.4999999883818422E+00   0.1000000122104780E+00   0.1473002042525915E-08   0.1300000000000000E+05   0.2000000000000000E+06   0.9999999939225290E-08   0.9999999939225290E-08
  0.5959040065414599E-21   0.1034764580866525E-07   0.9999999939339627E-08   0.1999999998372769E+01   0.1056506384865510E-07   0.9992340095073837E-08   0.1021569141881194E-07   0.1490655886975579E-07   0.1999999993640189E+01   0.1251542081668631E-07   0.4999999881262848E+00   0.1000000124511217E+00   0.1449618872778973E-08   0.1300000000000000E+05   0.2000000000000000E+06   0.9999999939225290E-08   0.9999999939225290E-08
  0.6081012939901507E-21   0.1035038331214507E-07   0.9999999939341967E-08   0.1999999998359955E+01   0.1057717294734123E-07   0.9992183370510015E-08   0.1022579602978528E-07   0.1487491895536747E-07   0.1999999993644024E+01   0.1254393040612025E-07   0.4999999878706508E+00   0.1000000126919091E+00   0.1427797984594097E-08   0.1300000000000000E+05   0.2000000000000000E+06   0.9999999939225290E-08   0.9999999939225290E-08
  0.6202691492692120E-21   0.1035307423846297E-07   0.9999999939344303E-08   0.1999999998347360E+01   0.1058922681050386E-07   0.9992027026573375E-08   0.1023599063736983E-07   0.1484243384554169E-07   0.1999999993649197E+01   0.1257178453663204E-07   0.4999999876155869E+00   0.1000000129322283E+00   0.1407489566843050E-08   0.1300000000000000E+05   0.2000000000000000E+06   0.9999999939225290E-08   0.9999999939225290E-08
  0.6323220606179906E-21   0.1035570302122135E-07   0.9999999939346615E-08   0.1999999998335055E+01   0.1060114048835764E-07   0.9991872161955181E-08   0.1024619699476378E-07   0.1480943111061990E-07   0.1999999993655567E+01   0.1259880826049697E-07   0.4999999873628951E+00   0.1000000131703775E+00   0.1388719759893819E-08   0.1300000000000000E+05   0.2000000000000000E+06   0.9999999939225290E-08   0.9999999939225290E-08
  0.6443705224505092E-21   0.1035829675110773E-07   0.9999999939348926E-08   0.1999999998322915E+01   0.1061302295945054E-07   0.9991717356906592E-08   0.1025650263310702E-07   0.1477569722894030E-07   0.1999999993663099E+01   0.1262526771964168E-07   0.4999999871102678E+00   0.1000000134085288E+00   0.1371212343106237E-08   0.1300000000000000E+05   0.2000000000000000E+06   0.9999999939225290E-08   0.9999999939225290E-08
  0.6564405490543027E-21   0.1036086324822023E-07   0.9999999939351242E-08   0.1999999998310902E+01   0.1062489925266504E-07   0.9991562277187277E-08   0.1026692568792893E-07   0.1474122955282653E-07   0.1999999993671743E+01   0.1265122855375416E-07   0.4999999868571668E+00   0.1000000136471870E+00   0.1354853339958654E-08   0.1300000000000000E+05   0.2000000000000000E+06   0.9999999939225290E-08   0.9999999939225290E-08
  0.6684013156056283E-21   0.1036337715769507E-07   0.9999999939353536E-08   0.1999999998299135E+01   0.1063664043498733E-07   0.9991408603651942E-08   0.1027734793186792E-07   0.1470647507050064E-07   0.1999999993681327E+01   0.1267642458260375E-07   0.4999999866063425E+00   0.1000000138837562E+00   0.1339734457698863E-08   0.1300000000000000E+05   0.2000000000000000E+06   0.9999999939225290E-08   0.9999999939225290E-08
  0.6803296143373816E-21   0.1036585710123059E-07   0.9999999939355824E-08   0.1999999998287527E+01   0.1064832192848068E-07   0.9991255349621528E-08   0.1028783058012143E-07   0.1467128231324376E-07   0.1999999993691835E+01   0.1270103587136788E-07   0.4999999863561915E+00   0.1000000141197458E+00   0.1325671840909264E-08   0.1300000000000000E+05   0.2000000000000000E+06   0.9999999939225290E-08   0.9999999939225290E-08
  0.6921789533224923E-21   0.1036829559958757E-07   0.9999999939358097E-08   0.1999999998276113E+01   0.1065989819614805E-07   0.9991103112388449E-08   0.1029832764904901E-07   0.1463585198383424E-07   0.1999999993703157E+01   0.1272498222185278E-07   0.4999999861076946E+00   0.1000000143542278E+00   0.1312643984881988E-08   0.1300000000000000E+05   0.2000000000000000E+06   0.9999999939225290E-08   0.9999999939225290E-08
  0.7040681877267379E-21   0.1037071893109983E-07   0.9999999939360379E-08   0.1999999998264770E+01   0.1067148513944732E-07   0.9990950364920824E-08   0.1030894021098882E-07   0.1459988346329118E-07   0.1999999993715349E+01   0.1274851459464711E-07   0.4999999858583650E+00   0.1000000145895472E+00   0.1300457295879418E-08   0.1300000000000000E+05   0.2000000000000000E+06   0.9999999939225290E-08   0.9999999939225290E-08
  0.7159394566441976E-21   0.1037311682445311E-07   0.9999999939362655E-08   0.1999999998253546E+01   0.1068302597859521E-07   0.9990797850595634E-08   0.1031961312300245E-07   0.1456359956189643E-07   0.1999999993728305E+01   0.1277152514835824E-07   0.4999999856094212E+00   0.1000000148245524E+00   0.1289118999048260E-08   0.1300000000000000E+05   0.2000000000000000E+06   0.9999999939225290E-08   0.9999999939225290E-08
  0.7276423537347273E-21   0.1037546085977732E-07   0.9999999939364900E-08   0.1999999998242574E+01   0.1069437489637218E-07   0.9990647501680874E-08   0.1033020582641395E-07   0.1452751321287438E-07   0.1999999993741798E+01   0.1279374138135122E-07   0.4999999853640217E+00   0.1000000150562589E+00   0.1278703458564673E-08   0.1300000000000000E+05   0.2000000000000000E+06   0.9999999939225290E-08   0.9999999939225290E-08
  0.7393865540803207E-21   0.1037779471072197E-07   0.9999999939367153E-08   0.1999999998231650E+01   0.1070573545307904E-07   0.9990496624411486E-08   0.1034090349558617E-07   0.1449102445879468E-07   0.1999999993756016E+01   0.1281557635668097E-07   0.4999999851177739E+00   0.1000000152888122E+00   0.1268965160490936E-08   0.1300000000000000E+05   0.2000000000000000E+06   0.9999999939225290E-08   0.9999999939225290E-08
  0.7511128855081927E-21   0.1038010782826630E-07   0.9999999939369403E-08   0.1999999998220823E+01   0.1071705012481062E-07   0.9990345978976768E-08   0.1035164906753321E-07   0.1445435487633452E-07   0.1999999993770848E+01   0.1283692588714945E-07   0.4999999848719229E+00   0.1000000155210354E+00   0.1259911851259699E-08   0.1300000000000000E+05   0.2000000000000000E+06   0.9999999939225290E-08   0.9999999939225290E-08
  0.7628449575846574E-21   0.1038240608532753E-07   0.9999999939371655E-08   0.1999999998210066E+01   0.1072834156604165E-07   0.9990195262066587E-08   0.1036246077740841E-07   0.1441746708276147E-07   0.1999999993786287E+01   0.1285784069933264E-07   0.4999999846259773E+00   0.1000000157533913E+00   0.1251483424482138E-08   0.1300000000000000E+05   0.2000000000000000E+06   0.9999999939225290E-08   0.9999999939225290E-08
  0.7745464627479899E-21   0.1038468353135942E-07   0.9999999939373900E-08   0.1999999998199406E+01   0.1073957478144409E-07   0.9990044940101412E-08   0.1037330175535791E-07   0.1438050943431596E-07   0.1999999993802248E+01   0.1287826432588800E-07   0.4999999843807019E+00   0.1000000159851561E+00   0.1243665806988475E-08   0.1300000000000000E+05   0.2000000000000000E+06   0.9999999939225290E-08   0.9999999939225290E-08
  0.7861987882126182E-21   0.1038693772861478E-07   0.9999999939376135E-08   0.1999999998188854E+01   0.1075073208086221E-07   0.9989895252164982E-08   0.1038415104939197E-07   0.1434357347779939E-07   0.1999999993818667E+01   0.1289817536562520E-07   0.4999999841364898E+00   0.1000000162159569E+00   0.1236429933060356E-08   0.1300000000000000E+05   0.2000000000000000E+06   0.9999999939225290E-08   0.9999999939225290E-08
  0.7977524754613713E-21   0.1038916032025038E-07   0.9999999939378352E-08   0.1999999998178451E+01   0.1076176656021130E-07   0.9989746833567945E-08   0.1039495858918711E-07   0.1430684698504875E-07   0.1999999993835433E+01   0.1291750375510155E-07   0.4999999838943797E+00   0.1000000164448098E+00   0.1229763425554829E-08   0.1300000000000000E+05   0.2000000000000000E+06   0.9999999939225290E-08   0.9999999939225290E-08
  0.9138861224036128E-21   0.1041098637813653E-07   0.9999999939400636E-08   0.1999999998076289E+01   0.1087110403674976E-07   0.9988255103910824E-08   0.1050573245609128E-07   0.1393721760118751E-07   0.1999999994025177E+01   0.1309021322780237E-07   0.4999999814632695E+00   0.1000000187447564E+00   0.1184745935386798E-08   0.1300000000000000E+05   0.2000000000000000E+06   0.9999999939225290E-08   0.9999999939225290E-08
  0.1028414479643133E-20   0.1043196897551977E-07   0.9999999939422611E-08   0.1999999997978076E+01   0.1097615753218231E-07   0.9986784212266686E-08   0.1061708478540002E-07   0.1358241074006891E-07   0.1999999994237614E+01   0.1322574314553340E-07   0.4999999790713597E+00   0.1000000210106300E+00   0.1166634456650142E-08   0.1300000000000000E+05   0.2000000000000000E+06   0.9999999939225290E-08   0.9999999939225290E-08
  0.1142854299464324E-20   0.1045274824974349E-07   0.9999999939444571E-08   0.1999999997880814E+01   0.1107849228246575E-07   0.9985314674074208E-08   0.1072835750101399E-07   0.1324664647056539E-07   0.1999999994462813E+01   0.1333123557334564E-07   0.4999999766878772E+00   0.1000000232709987E+00   0.1162519558220606E-08   0.1300000000000000E+05   0.2000000000000000E+06   0.9999999939225290E-08   0.9999999939225290E-08
  0.1256807187421982E-20   0.1047343818866012E-07   0.9999999939466435E-08   0.1999999997783970E+01   0.1117793084714481E-07   0.9983851603512706E-08   0.1083749235431626E-07   0.1293486148600113E-07   0.1999999994692797E+01   0.1341044198373563E-07   0.4999999743215560E+00   0.1000000255171913E+00   0.1165834775497229E-08   0.1300000000000000E+05   0.2000000000000000E+06   0.9999999939225290E-08   0.9999999939225290E-08
  0.1370985821703537E-20   0.1049426601065544E-07   0.9999999939488344E-08   0.1999999997686481E+01   0.1127528107510738E-07   0.9982385849552559E-08   0.1094383466537790E-07   0.1264623919466234E-07   0.1999999994924644E+01   0.1346735657897516E-07   0.4999999719577816E+00   0.1000000277627877E+00   0.1173022110577284E-08   0.1300000000000000E+05   0.2000000000000000E+06   0.9999999939225290E-08   0.9999999939225290E-08
  0.1485272676698698E-20   0.1051526063866140E-07   0.9999999939510272E-08   0.1999999997588211E+01   0.1137061386822700E-07   0.9980918921826437E-08   0.1104619687485693E-07   0.1238096860959543E-07   0.1999999995155368E+01   0.1350484085461119E-07   0.4999999695990810E+00   0.1000000300051609E+00   0.1182118789403866E-08   0.1300000000000000E+05   0.2000000000000000E+06   0.9999999939225290E-08   0.9999999939225290E-08
  0.1600372459108068E-20   0.1053657680964155E-07   0.9999999939532358E-08   0.1999999997488436E+01   0.1146467049999966E-07   0.9979441777658803E-08   0.1114432424365828E-07   0.1213674007278752E-07   0.1999999995384549E+01   0.1352560644470478E-07   0.4999999672309857E+00   0.1000000322578834E+00   0.1192081564564340E-08   0.1300000000000000E+05   0.2000000000000000E+06   0.9999999939225290E-08   0.9999999939225290E-08
  0.1714547190903385E-20   0.1055790047763812E-07   0.9999999939554265E-08   0.1999999997388626E+01   0.1155620226382380E-07   0.9977976721208720E-08   0.1123612019809430E-07   0.1191589471070895E-07   0.1999999995607523E+01   0.1353175619942637E-07   0.4999999648891913E+00   0.1000000344868223E+00   0.1202125785664893E-08   0.1300000000000000E+05   0.2000000000000000E+06   0.9999999939225290E-08   0.9999999939225290E-08
  0.1828605023367358E-20   0.1057937950054880E-07   0.9999999939576152E-08   0.1999999997288089E+01   0.1164603822917757E-07   0.9976513379534194E-08   0.1132186698714911E-07   0.1171511766485400E-07   0.1999999995825116E+01   0.1352564105745571E-07   0.4999999625569546E+00   0.1000000367077440E+00   0.1211956196171575E-08   0.1300000000000000E+05   0.2000000000000000E+06   0.9999999939225290E-08   0.9999999939225290E-08
  0.1943463449538629E-20   0.1060118251481094E-07   0.9999999939598192E-08   0.1999999997186035E+01   0.1173503363500666E-07   0.9975039983266210E-08   0.1140190350428083E-07   0.1153145710465228E-07   0.1999999996038488E+01   0.1350898820817733E-07   0.4999999602155038E+00   0.1000000389383963E+00   0.1221434668429039E-08   0.1300000000000000E+05   0.2000000000000000E+06   0.9999999939225290E-08   0.9999999939225290E-08
  0.2058033098833900E-20   0.1062309514500788E-07   0.9999999939620175E-08   0.1999999997083468E+01   0.1182247018773952E-07   0.9973570508196491E-08   0.1147525752104237E-07   0.1136528074185803E-07   0.1999999996245229E+01   0.1348355463441530E-07   0.4999999578870176E+00   0.1000000411575334E+00   0.1230341405294291E-08   0.1300000000000000E+05   0.2000000000000000E+06   0.9999999939225290E-08   0.9999999939225290E-08
  0.2172926107718921E-20   0.1064522398266711E-07   0.9999999939642222E-08   0.1999999996979889E+01   0.1190893948978332E-07   0.9972097103103454E-08   0.1154225245010166E-07   0.1121425464415072E-07   0.1999999996446240E+01   0.1345067955581672E-07   0.4999999555589831E+00   0.1000000433769697E+00   0.1238649512838176E-08   0.1300000000000000E+05   0.2000000000000000E+06   0.9999999939225290E-08   0.9999999939225290E-08
  0.2287476422421517E-20   0.1066742918138512E-07   0.9999999939664201E-08   0.1999999996875953E+01   0.1199405429550963E-07   0.9970628309473252E-08   0.1160252406112362E-07   0.1107787250033766E-07   0.1999999996640274E+01   0.1341184904234639E-07   0.4999999532448231E+00   0.1000000455838098E+00   0.1246270554655601E-08   0.1300000000000000E+05   0.2000000000000000E+06   0.9999999939225290E-08   0.9999999939225290E-08
  0.2402140663881254E-20   0.1068978678753764E-07   0.9999999939686202E-08   0.1999999996771303E+01   0.1207826069803092E-07   0.9969158271713597E-08   0.1165642632759107E-07   0.1095424879638927E-07   0.1999999996828131E+01   0.1336805867250711E-07   0.4999999509352245E+00   0.1000000477868443E+00   0.1253218353302324E-08   0.1300000000000000E+05   0.2000000000000000E+06   0.9999999939225290E-08   0.9999999939225290E-08
  0.2517388888753642E-20   0.1071237730151091E-07   0.9999999939708316E-08   0.1999999996665564E+01   0.1216198956597240E-07   0.9967680965474794E-08   0.1170427484383316E-07   0.1084176698740905E-07   0.1999999997010603E+01   0.1332007935840525E-07   0.4999999486207183E+00   0.1000000499950312E+00   0.1259511578227880E-08   0.1300000000000000E+05   0.2000000000000000E+06   0.9999999939225290E-08   0.9999999939225290E-08
  0.2633756626907993E-20   0.1073529576038735E-07   0.9999999939730643E-08   0.1999999996558289E+01   0.1224569737141019E-07   0.9966189530910954E-08   0.1174635526304129E-07   0.1073899756963001E-07   0.1999999997188537E+01   0.1326848225900767E-07   0.4999999462906408E+00   0.1000000522184824E+00   0.1265171411882473E-08   0.1300000000000000E+05   0.2000000000000000E+06   0.9999999939225290E-08   0.9999999939225290E-08
  0.2749299172660523E-20   0.1075814723122597E-07   0.9999999939752813E-08   0.1999999996451328E+01   0.1232806069526235E-07   0.9964708893276119E-08   0.1178218063664694E-07   0.1064661927549781E-07   0.1999999997359120E+01   0.1321487594734710E-07   0.4999999439839011E+00   0.1000000544200074E+00   0.1270115849379133E-08   0.1300000000000000E+05   0.2000000000000000E+06   0.9999999939225290E-08   0.9999999939225290E-08
  0.2865415028830272E-20   0.1078119590643976E-07   0.9999999939775094E-08   0.1999999996343443E+01   0.1241014999884673E-07   0.9963221130486465E-08   0.1181247274980134E-07   0.1056247928912553E-07   0.1999999997524657E+01   0.1315927358018547E-07   0.4999999416725031E+00   0.1000000566262674E+00   0.1274428110960779E-08   0.1300000000000000E+05   0.2000000000000000E+06   0.9999999939225290E-08   0.9999999939225290E-08
  0.2981397619808302E-20   0.1080429035338658E-07   0.9999999939797349E-08   0.1999999996235345E+01   0.1249152550040005E-07   0.9961735296941994E-08   0.1183730262363404E-07   0.1048621700673577E-07   0.1999999997684355E+01   0.1310256048430090E-07   0.4999999393705009E+00   0.1000000588237998E+00   0.1278103666902578E-08   0.1300000000000000E+05   0.2000000000000000E+06   0.9999999939225290E-08   0.9999999939225290E-08
  0.3096551813466495E-20   0.1082728023187271E-07   0.9999999939819444E-08   0.1999999996127735E+01   0.1257176327455378E-07   0.9960260295080421E-08   0.1185688523629603E-07   0.1041735805294953E-07   0.1999999997837590E+01   0.1304555636819951E-07   0.4999999370915617E+00   0.1000000609995113E+00   0.1281156471488674E-08   0.1300000000000000E+05   0.2000000000000000E+06   0.9999999939225290E-08   0.9999999939225290E-08
  0.3212159627829418E-20   0.1085041068360196E-07   0.9999999939841628E-08   0.1999999996019468E+01   0.1265180932214729E-07   0.9958779702521201E-08   0.1187176662158997E-07   0.1035433855329588E-07   0.1999999997986366E+01   0.1298802079347597E-07   0.4999999348102389E+00   0.1000000631776576E+00   0.1283653661249498E-08   0.1300000000000000E+05   0.2000000000000000E+06   0.9999999939225290E-08   0.9999999939225290E-08
  0.3328378343757006E-20   0.1087370381165618E-07   0.9999999939863927E-08   0.1999999995910440E+01   0.1273181034267412E-07   0.9957291507972702E-08   0.1188220920689531E-07   0.1029645412464063E-07   0.1999999998131099E+01   0.1293019950160492E-07   0.4999999325234797E+00   0.1000000653611226E+00   0.1285622647889718E-08   0.1300000000000000E+05   0.2000000000000000E+06   0.9999999939225290E-08   0.9999999939225290E-08
  0.3443775242912290E-20   0.1089686294728928E-07   0.9999999939886069E-08   0.1999999995802039E+01   0.1281082074231909E-07   0.9955814056928688E-08   0.1188840056917712E-07   0.1024376924945994E-07   0.1999999998270301E+01   0.1287307317879857E-07   0.4999999302594193E+00   0.1000000675230135E+00   0.1287072948317201E-08   0.1300000000000000E+05   0.2000000000000000E+06   0.9999999939225290E-08   0.9999999939225290E-08
  0.3559577219519314E-20   0.1092012530957262E-07   0.9999999939908288E-08   0.1999999995693154E+01   0.1288971764954625E-07   0.9954331639976657E-08   0.1189072865350911E-07   0.1019512198697653E-07   0.1999999998405758E+01   0.1281625075967057E-07   0.4999999279939156E+00   0.1000000696863580E+00   0.1288055276086445E-08   0.1300000000000000E+05   0.2000000000000000E+06   0.9999999939225290E-08   0.9999999939225290E-08
  0.3675317349631058E-20   0.1094338894934141E-07   0.9999999939930498E-08   0.1999999995584264E+01   0.1296821175433380E-07   0.9952850235301994E-08   0.1188945836749965E-07   0.1015020750141204E-07   0.1999999998537183E+01   0.1276013719885868E-07   0.4999999257360989E+00   0.1000000718424170E+00   0.1288595863916260E-08   0.1300000000000000E+05   0.2000000000000000E+06   0.9999999939225290E-08   0.9999999939225290E-08
  0.3791229024140166E-20   0.1096669309819352E-07   0.9999999939952739E-08   0.1999999995475184E+01   0.1304648766126964E-07   0.9951366855921152E-08   0.1188486481283204E-07   0.1010847081554449E-07   0.1999999998665105E+01   0.1270475624908002E-07   0.4999999234813943E+00   0.1000000739955415E+00   0.1288726998442443E-08   0.1300000000000000E+05   0.2000000000000000E+06   0.9999999939225290E-08   0.9999999939225290E-08
  0.3907057261714543E-20   0.1098997936926705E-07   0.9999999939974962E-08   0.1999999995366188E+01   0.1312439618610928E-07   0.9949884765176152E-08   0.1187722567651874E-07   0.1006958591338810E-07   0.1999999998789500E+01   0.1265033360354348E-07   0.4999999212347395E+00   0.1000000761410016E+00   0.1288478886535835E-08   0.1300000000000000E+05   0.2000000000000000E+06   0.9999999939225290E-08   0.9999999939225290E-08
  0.4022738888027387E-20   0.1101322850159980E-07   0.9999999939997159E-08   0.1999999995257365E+01   0.1320191602043537E-07   0.9948404770729403E-08   0.1186681249983668E-07   0.1003318921757906E-07   0.1999999998910562E+01   0.1259697077285149E-07   0.4999999189973126E+00   0.1000000782776595E+00   0.1287882623060390E-08   0.1300000000000000E+05   0.2000000000000000E+06   0.9999999939225290E-08   0.9999999939225290E-08
  0.4138238415692438E-20   0.1103642738517847E-07   0.9999999940019321E-08   0.1999999995148778E+01   0.1327904205827679E-07   0.9946927325624330E-08   0.1185388443065387E-07   0.9998947035455173E-08   0.1999999999028506E+01   0.1254473035356519E-07   0.4999999167697464E+00   0.1000000804049007E+00   0.1286968372233617E-08   0.1300000000000000E+05   0.2000000000000000E+06   0.9999999939225290E-08   0.9999999939225290E-08
  0.5298434299234058E-20   0.1126766318568026E-07   0.9999999940241938E-08   0.1999999994066429E+01   0.1404121092656500E-07   0.9932098516306742E-08   0.1162967878120661E-07   0.9718081402848541E-08   0.2000000000096531E+01   0.1207775052567777E-07   0.4999998947399748E+00   0.1000001014412676E+00   0.1265614813388117E-08   0.1300000000000000E+05   0.2000000000000000E+06   0.9999999939225290E-08   0.9999999939225290E-08
  0.6451418800866439E-20   0.1149248153786518E-07   0.9999999940463174E-08   0.1999999993014119E+01   0.1477891222668928E-07   0.9917383779515051E-08   0.1132545862696964E-07   0.9475427763903151E-08   0.2000000001037271E+01   0.1169427365204476E-07   0.4999998734574537E+00   0.1000001217612691E+00   0.1233445827897460E-08   0.1300000000000000E+05   0.2000000000000000E+06   0.9999999939225290E-08   0.9999999939225290E-08
  0.7600693855270572E-20   0.1171055906348222E-07   0.9999999940683696E-08   0.1999999991993360E+01   0.1549557455039199E-07   0.9902738079740512E-08   0.1100868374765769E-07   0.9230142364573945E-08   0.2000000001925017E+01   0.1135590963819407E-07   0.4999998528317587E+00   0.1000001414522242E+00   0.1199130271072719E-08   0.1300000000000000E+05   0.2000000000000000E+06   0.9999999939225290E-08   0.9999999939225290E-08
  0.8738662928685918E-20   0.1192046480241479E-07   0.9999999940902050E-08   0.1999999991010852E+01   0.1618650216034007E-07   0.9888257767800112E-08   0.1070189914818894E-07   0.8983772399464637E-08   0.2000000002777216E+01   0.1104166103980332E-07   0.4999998329720939E+00   0.1000001604110557E+00   0.1165700085163990E-08   0.1300000000000000E+05   0.2000000000000000E+06   0.9999999939225290E-08   0.9999999939225290E-08
  0.9869918487827914E-20   0.1212334600303458E-07   0.9999999941119115E-08   0.1999999990061224E+01   0.1685486606369295E-07   0.9873883870796028E-08   0.1040715787068965E-07   0.8740524775883549E-08   0.2000000003602846E+01   0.1074054363031664E-07   0.4999998137699762E+00   0.1000001787419283E+00   0.1133561291761502E-08   0.1300000000000000E+05   0.2000000000000000E+06   0.9999999939225290E-08   0.9999999939225290E-08
  0.1098903638532851E-19   0.1231856155092084E-07   0.9999999941333851E-08   0.1999999989147476E+01   0.1749817538703695E-07   0.9859684756617882E-08   0.1012493567210159E-07   0.8504643725464206E-08   0.2000000004398826E+01   0.1045088211923612E-07   0.4999997952896886E+00   0.1000001963836910E+00   0.1102801180622241E-08   0.1300000000000000E+05   0.2000000000000000E+06   0.9999999939225290E-08   0.9999999939225290E-08
  0.1210014749643962E-19   0.1250714735290295E-07   0.9999999941547051E-08   0.1999999988264761E+01   0.1811968661001716E-07   0.9845607431700995E-08   0.9852936353654318E-08   0.8276320081812970E-08   0.2000000005168494E+01   0.1017074224622546E-07   0.4999997774354508E+00   0.1000002134278317E+00   0.1073166990772133E-08   0.1300000000000000E+05   0.2000000000000000E+06   0.9999999939225290E-08   0.9999999939225290E-08
  0.1321125860755073E-19   0.1269066849489727E-07   0.9999999941760251E-08   0.1999999987405753E+01   0.1872451030824086E-07   0.9831550206408056E-08   0.9588461028623757E-08   0.8054093731599976E-08   0.2000000005917740E+01   0.9897907824822602E-08   0.4999997600600424E+00   0.1000002300148954E+00   0.1044358247203589E-08   0.1300000000000000E+05   0.2000000000000000E+06   0.9999999939225290E-08   0.9999999939225290E-08
  0.1432236971866184E-19   0.1286926389737536E-07   0.9999999941973451E-08   0.1999999986569799E+01   0.1931309562554070E-07   0.9817513052026837E-08   0.9331134876500612E-08   0.7837876187052242E-08   0.2000000006646934E+01   0.9632298754901895E-08   0.4999997431506121E+00   0.1000002461571449E+00   0.1016330294020286E-08   0.1300000000000000E+05   0.2000000000000000E+06   0.9999999939225290E-08   0.9999999939225290E-08
  0.1543348082977296E-19   0.1304306635595724E-07   0.9999999942186651E-08   0.1999999985756281E+01   0.1988588139552006E-07   0.9803495939886513E-08   0.9080715361010980E-08   0.7627495773078478E-08   0.2000000007356561E+01   0.9373785634237260E-08   0.4999997266946531E+00   0.1000002618665157E+00   0.9890551155901420E-09   0.1300000000000000E+05   0.2000000000000000E+06   0.9999999939225290E-08   0.9999999939225290E-08
  0.1654459194088407E-19   0.1321220445359283E-07   0.9999999942399851E-08   0.1999999984964595E+01   0.2044329346632359E-07   0.9789498841357607E-08   0.8837009348129472E-08   0.7422777676439402E-08   0.2000000008047135E+01   0.9122203503371101E-08   0.4999997106799944E+00   0.1000002771546243E+00   0.9625111875408182E-09   0.1300000000000000E+05   0.2000000000000000E+06   0.9999999939225290E-08   0.9999999939225290E-08
  0.1765570305199518E-19   0.1337680325018480E-07   0.9999999942613050E-08   0.1999999984194157E+01   0.2098574519427605E-07   0.9775521727851905E-08   0.8599839079270875E-08   0.7223559434005083E-08   0.2000000008719169E+01   0.8877373614166777E-08   0.4999996950947922E+00   0.1000002920327759E+00   0.9366790634966863E-09   0.1300000000000000E+05   0.2000000000000000E+06   0.9999999939225290E-08   0.9999999939225290E-08
  0.1876681416310629E-19   0.1353698449844932E-07   0.9999999942826251E-08   0.1999999983444396E+01   0.2151363831713427E-07   0.9761564570822392E-08   0.8369031916151863E-08   0.7029689186395239E-08   0.2000000009373166E+01   0.8639115760840986E-08   0.4999996799275210E+00   0.1000003065119728E+00   0.9115399564316527E-09   0.1300000000000000E+05   0.2000000000000000E+06   0.9999999939225290E-08   0.9999999939225290E-08
  0.1987792527421740E-19   0.1369286672695403E-07   0.9999999943039450E-08   0.1999999982714757E+01   0.2202736360138202E-07   0.9747627341763179E-08   0.8144418560997964E-08   0.6841022149368000E-08   0.2000000010009609E+01   0.8407253146387888E-08   0.4999996651669645E+00   0.1000003206029217E+00   0.8870754503164787E-09   0.1300000000000000E+05   0.2000000000000000E+06   0.9999999939225290E-08   0.9999999939225290E-08
  0.2098903638532852E-19   0.1384456530469868E-07   0.9999999943252651E-08   0.1999999982004701E+01   0.2252730127891558E-07   0.9733710012209437E-08   0.7925833349006768E-08   0.6657418481790235E-08   0.2000000010628970E+01   0.8181613706633697E-08   0.4999996508022078E+00   0.1000003343160423E+00   0.8632675143644865E-09   0.1300000000000000E+05   0.2000000000000000E+06   0.9999999939225290E-08   0.9999999939225290E-08
  0.2210014749643963E-19   0.1399219251219299E-07   0.9999999943465850E-08   0.1999999981313702E+01   0.2301382137401146E-07   0.9719812553737332E-08   0.7713114650268401E-08   0.6478742348853188E-08   0.2000000011231709E+01   0.7962030200831484E-08   0.4999996368226284E+00   0.1000003476614743E+00   0.8400985492549659E-09   0.1300000000000000E+05   0.2000000000000000E+06   0.9999999939225290E-08   0.9999999939225290E-08
  0.2321125860755074E-19   0.1413585761851958E-07   0.9999999943679049E-08   0.1999999980641249E+01   0.2348728398536541E-07   0.9705934937963947E-08   0.7506105035896601E-08   0.6304861571232642E-08   0.2000000011818271E+01   0.7748340014914553E-08   0.4999996232178894E+00   0.1000003606490856E+00   0.8175514094867573E-09   0.1300000000000000E+05   0.2000000000000000E+06   0.9999999939225290E-08   0.9999999939225290E-08
  0.2432236971866185E-19   0.1427566696033747E-07   0.9999999943892250E-08   0.1999999979986843E+01   0.2394803955122014E-07   0.9692077136547222E-08   0.7304651272762663E-08   0.6135647485742087E-08   0.2000000012389090E+01   0.7540384960090228E-08   0.4999996099779311E+00   0.1000003732884790E+00   0.7956094052660163E-09   0.1300000000000000E+05   0.2000000000000000E+06   0.9999999939225290E-08   0.9999999939225290E-08
  0.2543348082977296E-19   0.1441172402024639E-07   0.9999999944105449E-08   0.1999999979350001E+01   0.2439642910658456E-07   0.9678239121185881E-08   0.7108604241196534E-08   0.5970974859989848E-08   0.2000000012944589E+01   0.7338011112865157E-08   0.4999995970929637E+00   0.1000003855889998E+00   0.7742562945391628E-09   0.1300000000000000E+05   0.2000000000000000E+06   0.9999999939225290E-08   0.9999999939225290E-08
  0.2654459194088408E-19   0.1454412950343153E-07   0.9999999944318650E-08   0.1999999978730250E+01   0.2483278453442125E-07   0.9664420863619372E-08   0.6917818828633473E-08   0.5810721812465863E-08   0.2000000013485180E+01   0.7141068684770150E-08   0.4999995845534602E+00   0.1000003975597423E+00   0.7534762717024437E-09   0.1300000000000000E+05   0.2000000000000000E+06   0.9999999939225290E-08   0.9999999939225290E-08
  0.2765570305199519E-19   0.1467298141228439E-07   0.9999999944531849E-08   0.1999999978127133E+01   0.2525742881079014E-07   0.9650622335627791E-08   0.6732153820223852E-08   0.5654769729337179E-08   0.2000000014011262E+01   0.6949411907059376E-08   0.4999995723501496E+00   0.1000004092095568E+00   0.7332539557328227E-09   0.1300000000000000E+05   0.2000000000000000E+06   0.9999999939225290E-08   0.9999999939225290E-08
  0.2876681416310630E-19   0.1479837511898587E-07   0.9999999944745050E-08   0.1999999977540203E+01   0.2567067624374608E-07   0.9636843509031818E-08   0.6551471792396537E-08   0.5503003179397584E-08   0.2000000014523224E+01   0.6762898922323520E-08   0.4999995604740092E+00   0.1000004205470561E+00   0.7135743785812239E-09   0.1300000000000000E+05   0.2000000000000000E+06   0.9999999939225290E-08   0.9999999939225290E-08
  0.2987792527421741E-19   0.1492040343611290E-07   0.9999999944958249E-08   0.1999999976969025E+01   0.2607283270594201E-07   0.9623084355692659E-08   0.6375639010171834E-08   0.5355309829404852E-08   0.2000000015021446E+01   0.6581391679830413E-08   0.4999995489162588E+00   0.1000004315806217E+00   0.6944229739718673E-09   0.1300000000000000E+05   0.2000000000000000E+06   0.9999999939225290E-08   0.9999999939225290E-08
  0.3098903638532853E-19   0.1503915668533685E-07   0.9999999945171448E-08   0.1999999976413176E+01   0.2646419586101758E-07   0.9609344847511967E-08   0.6204525327820508E-08   0.5211580361042196E-08   0.2000000015506297E+01   0.6404755833646390E-08   0.4999995376683538E+00   0.1000004423184103E+00   0.6757855665734144E-09   0.1300000000000000E+05   0.2000000000000000E+06   0.9999999939225290E-08   0.9999999939225290E-08
  0.3210014749643964E-19   0.1515472276427346E-07   0.9999999945384649E-08   0.1999999975872247E+01   0.2684505538391354E-07   0.9595624956431785E-08   0.6038004092446993E-08   0.5071708389961509E-08   0.2000000015978134E+01   0.6232860643350641E-08   0.4999995267219787E+00   0.1000004527683598E+00   0.6576483614938438E-09   0.1300000000000000E+05   0.2000000000000000E+06   0.9999999939225290E-08   0.9999999939225290E-08
  0.3321125860755075E-19   0.1526718721153781E-07   0.9999999945597848E-08   0.1999999975345835E+01   0.2721569317527021E-07   0.9581924654434482E-08   0.5875952050243180E-08   0.4935590386998723E-08   0.2000000016437308E+01   0.6065578877324515E-08   0.4999995160690415E+00   0.1000004629381947E+00   0.6399979340685939E-09   0.1300000000000000E+05   0.2000000000000000E+06   0.9999999939225290E-08   0.9999999939225290E-08
  0.3432236971866187E-19   0.1537663327005330E-07   0.9999999945811049E-08   0.1999999974833551E+01   0.2757638357007001E-07   0.9568243913542680E-08   0.5718249255274532E-08   0.4803125601525093E-08   0.2000000016884159E+01   0.5902786718597839E-08   0.4999995057016672E+00   0.1000004728354326E+00   0.6228212199253226E-09   0.1300000000000000E+05   0.2000000000000000E+06   0.9999999939225290E-08   0.9999999939225290E-08
  0.3543348082977299E-19   0.1548314194866189E-07   0.9999999946024248E-08   0.1999999974335016E+01   0.2792739354067967E-07   0.9554582705819199E-08   0.5564778980712543E-08   0.4674215986869856E-08   0.2000000017319016E+01   0.5744363673209879E-08   0.4999994956121921E+00   0.1000004824673890E+00   0.6061055053153076E-09   0.1300000000000000E+05   0.2000000000000000E+06   0.9999999939225290E-08   0.9999999939225290E-08
  0.3654459194088411E-19   0.1558679208208108E-07   0.9999999946237449E-08   0.1999999973849861E+01   0.2826898289444342E-07   0.9540941003366979E-08   0.5415427632445905E-08   0.4548766127750609E-08   0.2000000017742203E+01   0.5590192481027249E-08   0.4999994857931584E+00   0.1000004918411832E+00   0.5898384177039397E-09   0.1300000000000000E+05   0.2000000000000000E+06   0.9999999939225290E-08   0.9999999939225290E-08
  0.3765570305199522E-19   0.1568766038925187E-07   0.9999999946450648E-08   0.1999999973377727E+01   0.2860140446597335E-07   0.9527318778329035E-08   0.5270084665007918E-08   0.4426683169653225E-08   0.2000000018154032E+01   0.5440159028955418E-08   0.4999994762373083E+00   0.1000005009637435E+00   0.5740079166134813E-09   0.1300000000000000E+05   0.2000000000000000E+06   0.9999999939225290E-08   0.9999999939225290E-08
  0.3876681416310633E-19   0.1578582153012092E-07   0.9999999946663848E-08   0.1999999972918265E+01   0.2892490430427953E-07   0.9513716002888373E-08   0.5128642499759217E-08   0.4307876750107376E-08   0.2000000018554807E+01   0.5294152266479798E-08   0.4999994669375787E+00   0.1000005098418121E+00   0.5586022847114667E-09   0.1300000000000000E+05   0.2000000000000000E+06   0.9999999939225290E-08   0.9999999939225290E-08
  0.3987792527421745E-19   0.1588134816089894E-07   0.9999999946877048E-08   0.1999999972471133E+01   0.2923972185487832E-07   0.9500132649267944E-08   0.4990996445265869E-08   0.4192258931806310E-08   0.2000000018944827E+01   0.5152064123473709E-08   0.4999994578870962E+00   0.1000005184819504E+00   0.5436101191382188E-09   0.1300000000000000E+05   0.2000000000000000E+06   0.9999999939225290E-08   0.9999999939225290E-08
  0.4098903638532856E-19   0.1597431098783604E-07   0.9999999947090248E-08   0.1999999972036003E+01   0.2954609013701353E-07   0.9486568689730570E-08   0.4857044619814185E-08   0.4079744137521396E-08   0.2000000019324379E+01   0.5013789430212171E-08   0.4999994490791718E+00   0.1000005268905437E+00   0.5290203230671037E-09   0.1300000000000000E+05   0.2000000000000000E+06   0.9999999939225290E-08   0.9999999939225290E-08
  0.4210014749643968E-19   0.1606477881955404E-07   0.9999999947303448E-08   0.1999999971612551E+01   0.2984423591612170E-07   0.9473024096578880E-08   0.4726687876004915E-08   0.3970249086763256E-08   0.2000000019693744E+01   0.4879225839532280E-08   0.4999994405072962E+00   0.1000005350738057E+00   0.5148220974912794E-09   0.1300000000000000E+05   0.2000000000000000E+06   0.9999999939225290E-08   0.9999999939225290E-08
  0.4321125860755080E-19   0.1615281861797433E-07   0.9999999947516648E-08   0.1999999971200463E+01   0.3013437987166904E-07   0.9459498842155257E-08   0.4599829727371088E-08   0.3863692734142684E-08   0.2000000020053196E+01   0.4748273751082521E-08   0.4999994321651345E+00   0.1000005430377836E+00   0.5010049332308637E-09   0.1300000000000000E+05   0.2000000000000000E+06   0.9999999939225290E-08   0.9999999939225290E-08
  0.4432236971866191E-19   0.1623849554787899E-07   0.9999999947729847E-08   0.1999999970799436E+01   0.3041673676048416E-07   0.9445992898841767E-08   0.4476376276965142E-08   0.3759996209385735E-08   0.2000000020403001E+01   0.4620836237604942E-08   0.4999994240465220E+00   0.1000005507883622E+00   0.4875586031546052E-09   0.1300000000000000E+05   0.2000000000000000E+06   0.9999999939225290E-08   0.9999999939225290E-08
  0.4543348082977303E-19   0.1632187302514188E-07   0.9999999947943048E-08   0.1999999970409172E+01   0.3069151557570766E-07   0.9432506239060099E-08   0.4356236147862524E-08   0.3659082758958604E-08   0.2000000020743417E+01   0.4496818973195662E-08   0.4999994161454597E+00   0.1000005583312684E+00   0.4744731546103027E-09   0.1300000000000000E+05   0.2000000000000000E+06   0.9999999939225290E-08   0.9999999939225290E-08
  0.4654459194088414E-19   0.1640301276366536E-07   0.9999999948156247E-08   0.1999999970029381E+01   0.3095891970147593E-07   0.9419038835271505E-08   0.4239320415530324E-08   0.3560877689259106E-08   0.2000000021074697E+01   0.4376130163490607E-08   0.4999994084561089E+00   0.1000005656720752E+00   0.4617389020583663E-09   0.1300000000000000E+05   0.2000000000000000E+06   0.9999999939225290E-08   0.9999999939225290E-08
  0.4765570305199526E-19   0.1648197482105736E-07   0.9999999948369449E-08   0.1999999969659784E+01   0.3121914706345389E-07   0.9405590659976736E-08   0.4125542542010891E-08   0.3465308311332703E-08   0.2000000021397086E+01   0.4258680477724834E-08   0.4999994009727883E+00   0.1000005728162064E+00   0.4493464199030759E-09   0.1300000000000000E+05   0.2000000000000000E+06   0.9999999939225290E-08   0.9999999939225290E-08
  0.4876681416310637E-19   0.1655881764308267E-07   0.9999999948582652E-08   0.1999999969300106E+01   0.3147239027532784E-07   0.9392161685715981E-08   0.4014818311871740E-08   0.3372303887072179E-08   0.2000000021710822E+01   0.4144382982615140E-08   0.4999993936899688E+00   0.1000005797689399E+00   0.4372865355162236E-09   0.1300000000000000E+05   0.2000000000000000E+06   0.9999999939225290E-08   0.9999999939225290E-08
  0.4987792527421749E-19   0.1663359810692130E-07   0.9999999948795854E-08   0.1999999968950082E+01   0.3171883678136702E-07   0.9378751885068805E-08   0.3907065769874336E-08   0.3281795576861153E-08   0.2000000022016138E+01   0.4033153078017058E-08   0.4999993866022696E+00   0.1000005865354122E+00   0.4255503224479842E-09   0.1300000000000000E+05   0.2000000000000000E+06   0.9999999939225290E-08   0.9999999939225290E-08
  0.5098903638532860E-19   0.1670637156326584E-07   0.9999999949009055E-08   0.1999999968609451E+01   0.3195866899515919E-07   0.9365361230654093E-08   0.3802205160315639E-08   0.3193716388622663E-08   0.2000000022313260E+01   0.3924908434308592E-08   0.4999993797044544E+00   0.1000005931206216E+00   0.4141290938199855E-09   0.1300000000000000E+05   0.2000000000000000E+06   0.9999999939225290E-08   0.9999999939225290E-08
  0.5210014749643972E-19   0.1677719187728916E-07   0.9999999949222258E-08   0.1999999968277963E+01   0.3219206443462305E-07   0.9351989695129977E-08   0.3700158867997524E-08   0.3108001128235146E-08   0.2000000022602407E+01   0.3819568931454394E-08   0.4999993729914276E+00   0.1000005995294327E+00   0.4030143958956902E-09   0.1300000000000000E+05   0.2000000000000000E+06   0.9999999939225290E-08   0.9999999939225290E-08
  0.5321125860755083E-19   0.1684611146851259E-07   0.9999999949435460E-08   0.1999999967955372E+01   0.3241919585339735E-07   0.9338637251193793E-08   0.3600851360780396E-08   0.3024586351279094E-08   0.2000000022883794E+01   0.3717056599705250E-08   0.4999993664582302E+00   0.1000006057665792E+00   0.3921980018233306E-09   0.1300000000000000E+05   0.2000000000000000E+06   0.9999999939225290E-08   0.9999999939225290E-08
  0.5432236971866195E-19   0.1691318134960422E-07   0.9999999949648661E-08   0.1999999967641439E+01   0.3264023136870392E-07   0.9325303871582007E-08   0.3504209133678466E-08   0.2943410316078685E-08   0.2000000023157629E+01   0.3617295561889014E-08   0.4999993601000361E+00   0.1000006118366678E+00   0.3816719055467677E-09   0.1300000000000000E+05   0.2000000000000000E+06   0.9999999939225290E-08   0.9999999939225290E-08
  0.5543348082977306E-19   0.1697845116413587E-07   0.9999999949861864E-08   0.1999999967335931E+01   0.3285533458577920E-07   0.9311989529070155E-08   0.3410160654455354E-08   0.2864412938003659E-08   0.2000000023424115E+01   0.3520211977250280E-08   0.4999993539121491E+00   0.1000006177441818E+00   0.3714283158797634E-09   0.1300000000000000E+05   0.2000000000000000E+06   0.9999999939225290E-08   0.9999999939225290E-08
  0.5654459194088419E-19   0.1704196922332689E-07   0.9999999950075066E-08   0.1999999967038623E+01   0.3306466471896649E-07   0.9298694196472792E-08   0.3318636310679719E-08   0.2787535744997571E-08   0.2000000023683448E+01   0.3425733986797231E-08   0.4999993478899989E+00   0.1000006234934839E+00   0.3614596507392872E-09   0.1300000000000000E+05   0.2000000000000000E+06   0.9999999939225290E-08   0.9999999939225290E-08
  0.5765570305199530E-19   0.1710378254180176E-07   0.9999999950288269E-08   0.1999999966749294E+01   0.3326837670955835E-07   0.9285417846643427E-08   0.3229568358201772E-08   0.2712721834299565E-08   0.2000000023935821E+01   0.3333791660115208E-08   0.4999993420291377E+00   0.1000006290888198E+00   0.3517585315335836E-09   0.1300000000000000E+05   0.2000000000000000E+06   0.9999999939225290E-08   0.9999999939225290E-08
  0.5876681416310641E-19   0.1716393687238813E-07   0.9999999950501469E-08   0.1999999966467730E+01   0.3346662134047653E-07   0.9272160452474462E-08   0.3142890871012513E-08   0.2639915830327606E-08   0.2000000024181421E+01   0.3244316943607659E-08   0.4999993363252372E+00   0.1000006345343214E+00   0.3423177777008492E-09   0.1300000000000000E+05   0.2000000000000000E+06   0.9999999939225290E-08   0.9999999939225290E-08
  0.5987792527421753E-19   0.1722247673998095E-07   0.9999999950714672E-08   0.1999999966193723E+01   0.3365954534787416E-07   0.9258921986897135E-08   0.3058539692448605E-08   0.2569063843692009E-08   0.2000000024420429E+01   0.3157243610126147E-08   0.4999993307740853E+00   0.1000006398340094E+00   0.3331304013944802E-09   0.1300000000000000E+05   0.2000000000000000E+06   0.9999999939225290E-08   0.9999999939225290E-08
  0.6098903638532864E-19   0.1727944547449771E-07   0.9999999950927874E-08   0.1999999965927071E+01   0.3384729152974289E-07   0.9245702422881460E-08   0.2976452387706761E-08   0.2500113431308934E-08   0.2000000024653023E+01   0.3072507209952154E-08   0.4999993253715829E+00   0.1000006449917969E+00   0.3241896023109520E-09   0.1300000000000000E+05   0.2000000000000000E+06   0.9999999939225290E-08   0.9999999939225290E-08
  0.6210014749643976E-19   0.1733488524294940E-07   0.9999999951141077E-08   0.1999999965667575E+01   0.3402999885160530E-07   0.9232501733436166E-08   0.2896568197632522E-08   0.2433013557584340E-08   0.2000000024879374E+01   0.2990045023094385E-08   0.4999993201137408E+00   0.1000006500114918E+00   0.3154887626565071E-09   0.1300000000000000E+05   0.2000000000000000E+06   0.9999999939225290E-08   0.9999999939225290E-08
  0.6321125860755088E-19   0.1738883708065064E-07   0.9999999951354278E-08   0.1999999965415043E+01   0.3420780254937081E-07   0.9219319891608646E-08   0.2818827993749198E-08   0.2367714556639642E-08   0.2000000025099650E+01   0.2909796012866298E-08   0.4999993149966773E+00   0.1000006548967998E+00   0.3070214422489253E-09   0.1300000000000000E+05   0.2000000000000000E+06   0.9999999939225290E-08   0.9999999939225290E-08
  0.6432236971866199E-19   0.1744134092159226E-07   0.9999999951567480E-08   0.1999999965169289E+01   0.3438083422943122E-07   0.9206156870484886E-08   0.2743174234493722E-08   0.2304168095551148E-08   0.2000000025314014E+01   0.2831700780709476E-08   0.4999993100166143E+00   0.1000006596513273E+00   0.2987813737507496E-09   0.1300000000000000E+05   0.2000000000000000E+06   0.9999999939225290E-08   0.9999999939225290E-08
  0.6543348082977310E-19   0.1749243562799874E-07   0.9999999951780683E-08   0.1999999964930130E+01   0.3454922196606996E-07   0.9193012643189417E-08   0.2669550922627004E-08   0.2242327138576053E-08   0.2000000025522625E+01   0.2755701522229426E-08   0.4999993051698755E+00   0.1000006642785837E+00   0.2907624580304417E-09   0.1300000000000000E+05   0.2000000000000000E+06   0.9999999939225290E-08   0.9999999939225290E-08
  0.6654459194088422E-19   0.1754215901909245E-07   0.9999999951993885E-08   0.1999999964697390E+01   0.3471309039625714E-07   0.9179887182885252E-08   0.2597903563787284E-08   0.2182145912338510E-08   0.2000000025725637E+01   0.2681741984411265E-08   0.4999993004528830E+00   0.1000006687819843E+00   0.2829587596480326E-09   0.1300000000000000E+05   0.2000000000000000E+06   0.9999999939225290E-08   0.9999999939225290E-08
  0.6765570305199534E-19   0.1759054789908585E-07   0.9999999952207086E-08   0.1999999964470897E+01   0.3487256081190050E-07   0.9166780462773830E-08   0.2528179126155801E-08   0.2123579871950033E-08   0.2000000025923200E+01   0.2609767423983618E-08   0.4999992958621551E+00   0.1000006731648529E+00   0.2753645024619295E-09   0.1300000000000000E+05   0.2000000000000000E+06   0.9999999939225290E-08   0.9999999939225290E-08
  0.6876681416310645E-19   0.1763763808442256E-07   0.9999999952420288E-08   0.1999999964250482E+01   0.3502775124962063E-07   0.9153692456094954E-08   0.2460326001204928E-08   0.2066585668039135E-08   0.2000000026115462E+01   0.2539724566899930E-08   0.4999992913943035E+00   0.1000006774304239E+00   0.2679740653536241E-09   0.1300000000000000E+05   0.2000000000000000E+06   0.9999999939225290E-08   0.9999999939225290E-08
  0.6987792527421757E-19   0.1768346443028720E-07   0.9999999952633491E-08   0.1999999964035983E+01   0.3517877657811678E-07   0.9140623136126741E-08   0.2394293965499728E-08   0.2011121114665816E-08   0.2000000026302563E+01   0.2471561568907197E-08   0.4999992870460309E+00   0.1000006815818448E+00   0.2607819780671414E-09   0.1300000000000000E+05   0.2000000000000000E+06   0.9999999939225290E-08   0.9999999939225290E-08
  0.7098903638532868E-19   0.1772806085640392E-07   0.9999999952846692E-08   0.1999999963827242E+01   0.3532574858318810E-07   0.9127572476185556E-08   0.2330034143524660E-08   0.1957145158097150E-08   0.2000000026484642E+01   0.2405227977172940E-08   0.4999992828141283E+00   0.1000006856221789E+00   0.2537829171601480E-09   0.1300000000000000E+05   0.2000000000000000E+06   0.9999999939225290E-08   0.9999999939225290E-08
  0.7210014749643979E-19   0.1777146037214242E-07   0.9999999953059894E-08   0.1999999963624102E+01   0.3546877605047304E-07   0.9114540449625961E-08   0.2267498971507921E-08   0.1904617846420863E-08   0.2000000026661835E+01   0.2340674692942006E-08   0.4999992786954731E+00   0.1000006895544071E+00   0.2469717020637239E-09   0.1300000000000000E+05   0.2000000000000000E+06   0.9999999939225290E-08   0.9999999939225290E-08
  0.7321125860755091E-19   0.1781369510095032E-07   0.9999999953273097E-08   0.1999999963426415E+01   0.3560796484596817E-07   0.9101527029840652E-08   0.2206642162216659E-08   0.1853500299974405E-08   0.2000000026834273E+01   0.2277853935195581E-08   0.4999992746870263E+00   0.1000006933814304E+00   0.2403432912478814E-09   0.1300000000000000E+05   0.2000000000000000E+06   0.9999999939225290E-08   0.9999999939225290E-08
  0.7432236971866203E-19   0.1785479630412972E-07   0.9999999953486299E-08   0.1999999963234032E+01   0.3574341799438623E-07   0.9088532190260408E-08   0.2147418670696987E-08   0.1803754682567648E-08   0.2000000027002081E+01   0.2216719205285505E-08   0.4999992707858305E+00   0.1000006971060719E+00   0.2338927784899935E-09   0.1300000000000000E+05   0.2000000000000000E+06   0.9999999939225290E-08   0.9999999939225290E-08
  0.7543348082977315E-19   0.1789479440397564E-07   0.9999999953699500E-08   0.1999999963046814E+01   0.3587523575541105E-07   0.9075555904354028E-08   0.2089784660933465E-08   0.1755344173477899E-08   0.2000000027165387E+01   0.2157225252517717E-08   0.4999992669890075E+00   0.1000007007310788E+00   0.2276153892433693E-09   0.1300000000000000E+05   0.2000000000000000E+06   0.9999999939225290E-08   0.9999999939225290E-08
  0.7654459194088426E-19   0.1793371900629361E-07   0.9999999953912703E-08   0.1999999962864620E+01   0.3600351569790608E-07   0.9062598145628279E-08   0.2033697473403350E-08   0.1708232940196495E-08   0.2000000027324309E+01   0.2099328040659372E-08   0.4999992632937570E+00   0.1000007042591248E+00   0.2215064771032898E-09   0.1300000000000000E+05   0.2000000000000000E+06   0.9999999939225290E-08   0.9999999939225290E-08
  0.7765570305199537E-19   0.1797159892231276E-07   0.9999999954125905E-08   0.1999999962687316E+01   0.3612835277213134E-07   0.9049658887627837E-08   0.1979115593501624E-08   0.1662386111906835E-08   0.2000000027478966E+01   0.2042984715344811E-08   0.4999992596973530E+00   0.1000007076928118E+00   0.2155615203678880E-09   0.1300000000000000E+05   0.2000000000000000E+06   0.9999999939225290E-08   0.9999999939225290E-08
  0.7876681416310649E-19   0.1800846219001096E-07   0.9999999954339108E-08   0.1999999962514770E+01   0.3624983938002211E-07   0.9036738103935230E-08   0.1925998620813416E-08   0.1617769753674190E-08   0.2000000027629472E+01   0.1988153572356303E-08   0.4999992561971432E+00   0.1000007110346717E+00   0.2097761186913270E-09   0.1300000000000000E+05   0.2000000000000000E+06   0.9999999939225290E-08   0.9999999939225290E-08
  0.7987792527421761E-19   0.1804433609486755E-07   0.9999999954552308E-08   0.1999999962346856E+01   0.3636806544358167E-07   0.9023835768170787E-08   0.1874307239211087E-08   0.1574350841328214E-08   0.2000000027775939E+01   0.1934794026756042E-08   0.4999992527905463E+00   0.1000007142871685E+00   0.2041459898268013E-09   0.1300000000000000E+05   0.2000000000000000E+06   0.9999999939225290E-08   0.9999999939225290E-08
  0.8098903638532872E-19   0.1807924719005911E-07   0.9999999954765511E-08   0.1999999962183448E+01   0.3648311847143838E-07   0.9010951853992577E-08   0.1824003187753834E-08   0.1532097237019545E-08   0.2000000027918475E+01   0.1882866582846592E-08   0.4999992494750504E+00   0.1000007174527003E+00   0.1986669664569488E-09   0.1300000000000000E+05   0.2000000000000000E+06   0.9999999939225290E-08   0.9999999939225290E-08
  0.8210014749643984E-19   0.1811322131611333E-07   0.9999999954978713E-08   0.1999999962024426E+01   0.3659508362361659E-07   0.8998086335096344E-08   0.1775049232368290E-08   0.1490977665432423E-08   0.2000000028057185E+01   0.1832332804937510E-08   0.4999992462482110E+00   0.1000007205336005E+00   0.1933349931093280E-09   0.1300000000000000E+05   0.2000000000000000E+06   0.9999999939225290E-08   0.9999999939225290E-08
  0.8321125860755095E-19   0.1814628362003523E-07   0.9999999955191914E-08   0.1999999961869671E+01   0.3670404377456921E-07   0.8985239185215473E-08   0.1727409138289156E-08   0.1450961690635707E-08   0.2000000028192173E+01   0.1783155288896546E-08   0.4999992431076489E+00   0.1000007235321402E+00   0.1881461231546784E-09   0.1300000000000000E+05   0.2000000000000000E+06   0.9999999939225290E-08   0.9999999939225290E-08
  0.8432236971866206E-19   0.1817845857392023E-07   0.9999999955405117E-08   0.1999999961719071E+01   0.3681007957451865E-07   0.8972410378120915E-08   0.1681047643239460E-08   0.1412019693555169E-08   0.2000000028323538E+01   0.1735297634464337E-08   0.4999992400510491E+00   0.1000007264505292E+00   0.1830965158857411E-09   0.1300000000000000E+05   0.2000000000000000E+06   0.9999999939225290E-08   0.9999999939225290E-08
  0.8543348082977319E-19   0.1820976999306762E-07   0.9999999955618319E-08   0.1999999961572512E+01   0.3691326950915144E-07   0.8959599887621140E-08   0.1635930431330605E-08   0.1374122850050377E-08   0.2000000028451376E+01   0.1688724418312124E-08   0.4999992370761586E+00   0.1000007292909183E+00   0.1781824336744789E-09   0.1300000000000000E+05   0.2000000000000000E+06   0.9999999939225290E-08   0.9999999939225290E-08
  0.8654459194088430E-19   0.1824024105360787E-07   0.9999999955831522E-08   0.1999999961429886E+01   0.3701368995771086E-07   0.8946807687562083E-08   0.1592024107662885E-08   0.1337243109579958E-08   0.2000000028575784E+01   0.1643401167822538E-08   0.4999992341807851E+00   0.1000007320554004E+00   0.1734002392055906E-09   0.1300000000000000E+05   0.2000000000000000E+06   0.9999999939225290E-08   0.9999999939225290E-08
  0.8765570305199542E-19   0.1826989430965693E-07   0.9999999956044723E-08   0.1999999961291089E+01   0.3711141524953037E-07   0.8934033751827077E-08   0.1549296173607666E-08   0.1301353174439441E-08   0.2000000028696854E+01   0.1599294335574063E-08   0.4999992313627946E+00   0.1000007347460123E+00   0.1687463927842726E-09   0.1300000000000000E+05   0.2000000000000000E+06   0.9999999939225290E-08   0.9999999939225290E-08
  0.8876681416310653E-19   0.1829875171001009E-07   0.9999999956257925E-08   0.1999999961156016E+01   0.3720651771904995E-07   0.8921278054336815E-08   0.1507715002752947E-08   0.1266426479556312E-08   0.2000000028814674E+01   0.1556371274510277E-08   0.4999992286201110E+00   0.1000007373647362E+00   0.1642174497162361E-09   0.1300000000000000E+05   0.2000000000000000E+06   0.9999999939225290E-08   0.9999999939225290E-08
  0.8987792527421764E-19   0.1832683461438781E-07   0.9999999956471128E-08   0.1999999961024569E+01   0.3729906775935569E-07   0.8908540569049280E-08   0.1467249817494487E-08   0.1232437172827335E-08   0.2000000028929331E+01   0.1514600213775504E-08   0.4999992259507134E+00   0.1000007399135008E+00   0.1598100577580383E-09   0.1300000000000000E+05   0.2000000000000000E+06   0.9999999939225290E-08   0.9999999939225290E-08
  0.9098903638532876E-19   0.1835416380924559E-07   0.9999999956684330E-08   0.1999999960896650E+01   0.3738913387428274E-07   0.8895821269959699E-08   0.1427870666255182E-08   0.1199360095983577E-08   0.2000000029040911E+01   0.1473950235198993E-08   0.4999992233526354E+00   0.1000007423941835E+00   0.1555209546358433E-09   0.1300000000000000E+05   0.2000000000000000E+06   0.9999999939225290E-08   0.9999999939225290E-08
  0.9210014749643988E-19   0.1838075952315946E-07   0.9999999956897531E-08   0.1999999960772164E+01   0.3747678272911973E-07   0.8883120131100485E-08   0.1389548401315831E-08   0.1167170765968984E-08   0.2000000029149497E+01   0.1434391250410205E-08   0.4999992208239634E+00   0.1000007448086109E+00   0.1513469656307741E-09   0.1300000000000000E+05   0.2000000000000000E+06   0.9999999939225290E-08   0.9999999939225290E-08
  0.9321125860755099E-19   0.1840664144179864E-07   0.9999999957110733E-08   0.1999999960651019E+01   0.3756207919995245E-07   0.8870437126541182E-08   0.1352254657240875E-08   0.1135845356818714E-08   0.2000000029255168E+01   0.1395893978568294E-08   0.4999992183628351E+00   0.1000007471585609E+00   0.1472850012290699E-09   0.1300000000000000E+05   0.2000000000000000E+06   0.9999999939225290E-08   0.9999999939225290E-08
  0.9432236971866211E-19   0.1843182872249628E-07   0.9999999957323936E-08   0.1999999960533126E+01   0.3764508642168325E-07   0.8857772230388410E-08   0.1315961829883148E-08   0.1105360682023830E-08   0.2000000029358003E+01   0.1358429924689277E-08   0.4999992159674381E+00   0.1000007494457634E+00   0.1433320548353088E-09   0.1300000000000000E+05   0.2000000000000000E+06   0.9999999939225290E-08   0.9999999939225290E-08
  0.9543348082977322E-19   0.1845634000842920E-07   0.9999999957537138E-08   0.1999999960418396E+01   0.3772586583476170E-07   0.8845125416785815E-08   0.1280643055952102E-08   0.1075694177369286E-08   0.2000000029458078E+01   0.1321971358554861E-08   0.4999992136360088E+00   0.1000007516719020E+00   0.1394852005470036E-09   0.1300000000000000E+05   0.2000000000000000E+06   0.9999999939225290E-08   0.9999999939225290E-08
  0.9654459194088433E-19   0.1848019344241706E-07   0.9999999957750339E-08   0.1999999960306746E+01   0.3780447723066101E-07   0.8832496659914007E-08   0.1246272193130380E-08   0.1046823884232508E-08   0.2000000029555467E+01   0.1286491294187327E-08   0.4999992113668308E+00   0.1000007538386152E+00   0.1357415909889234E-09   0.1300000000000000E+05   0.2000000000000000E+06   0.9999999939225290E-08   0.9999999939225290E-08
  0.9765570305199546E-19   0.1850340668035117E-07   0.9999999957963542E-08   0.1999999960198092E+01   0.3788097879613406E-07   0.8819885933990510E-08   0.1212823800724021E-08   0.1018728433330218E-08   0.2000000029650243E+01   0.1251963469875255E-08   0.4999992091582337E+00   0.1000007559474974E+00   0.1320984552055386E-09   0.1300000000000000E+05   0.2000000000000000E+06   0.9999999939225290E-08   0.9999999939225290E-08
  0.9876681416310657E-19   0.1852599690426293E-07   0.9999999958176744E-08   0.1999999960092355E+01   0.3795542715628159E-07   0.8807293213269712E-08   0.1180273120831979E-08   0.9913870289014574E-09   0.2000000029742475E+01   0.1218362328735335E-08   0.4999992070085922E+00   0.1000007580001003E+00   0.1285530966100283E-09   0.1300000000000000E+05   0.2000000000000000E+06   0.9999999939225290E-08   0.9999999939225290E-08
  0.9987792527421769E-19   0.1854798083504149E-07   0.9999999958389945E-08   0.1999999959989455E+01   0.3802787741646457E-07   0.8794718472042802E-08   0.1148596060021017E-08   0.9647794333151137E-09   0.2000000029832231E+01   0.1185662999795855E-08   0.4999992049163244E+00   0.1000007599979339E+00   0.1251028909883340E-09   0.1300000000000000E+05   0.2000000000000000E+06   0.9999999939225290E-08   0.9999999939225290E-08
  0.1009890363853288E-18   0.1856937474481011E-07   0.9999999958603148E-08   0.1999999959889317E+01   0.3809838320309170E-07   0.8782161684637723E-08   0.1117769171492409E-08   0.9388859520905495E-09   0.2000000029919578E+01   0.1153841279587877E-08   0.4999992028798909E+00   0.1000007619424676E+00   0.1217452845567797E-09   0.1300000000000000E+05   0.2000000000000000E+06   0.9999999939225290E-08   0.9999999939225290E-08
  0.1021001474964399E-18   0.1859019446897041E-07   0.9999999958816350E-08   0.1999999959791867E+01   0.3816699670331227E-07   0.8769622825419117E-08   0.1087769637727263E-08   0.9136874193202566E-09   0.2000000030004582E+01   0.1122873614230471E-08   0.4999992008977938E+00   0.1000007638351315E+00   0.1184777920718235E-09   0.1300000000000000E+05   0.2000000000000000E+06   0.9999999939225290E-08   0.9999999939225290E-08
  0.1032112586075510E-18   0.1861045541792327E-07   0.9999999959029553E-08   0.1999999959697032E+01   0.3823376870364365E-07   0.8757101868788270E-08   0.1058575253597599E-08   0.8891651834837359E-09   0.2000000030087304E+01   0.1092737081996753E-08   0.4999991989685750E+00   0.1000007656773173E+00   0.1152979949905392E-09   0.1300000000000000E+05   0.2000000000000000E+06   0.9999999939225290E-08   0.9999999939225290E-08
  0.1043223697186622E-18   0.1863017258847527E-07   0.9999999959242753E-08   0.1999999959604742E+01   0.3829874862756223E-07   0.8744598789183056E-08   0.1030164409930712E-08   0.8653010936421106E-09   0.2000000030167805E+01   0.1063409376347813E-08   0.4999991970908160E+00   0.1000007674703793E+00   0.1122035396804683E-09   0.1300000000000000E+05   0.2000000000000000E+06   0.9999999939225290E-08   0.9999999939225290E-08
  0.1054334808297733E-18   0.1864936057493892E-07   0.9999999959455956E-08   0.1999999959514929E+01   0.3836198457208537E-07   0.8732113561077891E-08   0.1002516077514620E-08   0.8420774860032530E-09   0.2000000030246146E+01   0.1034868789421987E-08   0.4999991952631359E+00   0.1000007692156354E+00   0.1091921356775163E-09   0.1300000000000000E+05   0.2000000000000000E+06   0.9999999939225290E-08   0.9999999939225290E-08
  0.1065445919408844E-18   0.1866803357993501E-07   0.9999999959669158E-08   0.1999999959427527E+01   0.3842352334337158E-07   0.8719646158983675E-08   0.9756097915327950E-09   0.8194771708474777E-09   0.2000000030322385E+01   0.1007094195967253E-08   0.4999991934841911E+00   0.1000007709143683E+00   0.1062615539906041E-09   0.1300000000000000E+05   0.2000000000000000E+06   0.9999999939225290E-08   0.9999999939225290E-08
  0.1076557030519955E-18   0.1868620542490507E-07   0.9999999959882361E-08   0.1999999959342470E+01   0.3848341049136529E-07   0.8707196557447731E-08   0.9494256364166229E-09   0.7974834198041288E-09   0.2000000030396577E+01   0.9800650377048374E-09   0.4999991917526744E+00   0.1000007725678261E+00   0.1034096254518200E-09   0.1300000000000000E+05   0.2000000000000000E+06   0.9999999939225290E-08   0.9999999939225290E-08
  0.1087668141631066E-18   0.1870388956034165E-07   0.9999999960095562E-08   0.1999999959259696E+01   0.3854169034351178E-07   0.8694764731053769E-08   0.9239442311044075E-09   0.7760799534696423E-09   0.2000000030468779E+01   0.9537613081124965E-09   0.4999991900673130E+00   0.1000007741772235E+00   0.1006342391108510E-09   0.1300000000000000E+05   0.2000000000000000E+06   0.9999999939225290E-08   0.9999999939225290E-08
  0.1098779252742177E-18   0.1872109907574405E-07   0.9999999960308764E-08   0.1999999959179144E+01   0.3859840603756725E-07   0.8682350654421823E-08   0.8991467146959929E-09   0.7552509293579172E-09   0.2000000030539042E+01   0.9281635376161725E-09   0.4999991884268687E+00   0.1000007757437426E+00   0.9793334067250454E-10   0.1300000000000000E+05   0.2000000000000000E+06   0.9999999939225290E-08   0.9999999939225290E-08
  0.1109890363853288E-18   0.1873784670930685E-07   0.9999999960521967E-08   0.1999999959100754E+01   0.3865359955352837E-07   0.8669954302208195E-08   0.8750147324923919E-09   0.7349809301740811E-09   0.2000000030607419E+01   0.9032527791790869E-09   0.4999991868301365E+00   0.1000007772685337E+00   0.9530493097616521E-10   0.1300000000000000E+05   0.2000000000000000E+06   0.9999999939225290E-08   0.9999999939225290E-08
  0.1121001474964400E-18   0.1875414485734845E-07   0.9999999960735169E-08   0.1999999959024467E+01   0.3870731174470484E-07   0.8657575649105404E-08   0.8515304224100868E-09   0.7152549524029670E-09   0.2000000030673962E+01   0.8790105942775991E-09   0.4999991852759436E+00   0.1000007787527163E+00   0.9274706451606018E-10   0.1300000000000000E+05   0.2000000000000000E+06   0.9999999939225290E-08   0.9999999939225290E-08
  0.1132112586075511E-18   0.1877000558348651E-07   0.9999999960948370E-08   0.1999999958950228E+01   0.3875958236795804E-07   0.8645214669842146E-08   0.8286764017599478E-09   0.6960583952038572E-09   0.2000000030738719E+01   0.8554190392534471E-09   0.4999991837631488E+00   0.1000007801973798E+00   0.9025784800123813E-10   0.1300000000000000E+05   0.2000000000000000E+06   0.9999999939225290E-08   0.9999999939225290E-08
  0.1143223697186622E-18   0.1878544062756719E-07   0.9999999961161573E-08   0.1999999958877982E+01   0.3881045011312818E-07   0.8632871339183222E-08   0.8064357543809829E-09   0.6773770496032734E-09   0.2000000030801737E+01   0.8324606520322728E-09   0.4999991822906414E+00   0.1000007816035844E+00   0.8783543895419666E-10   0.1300000000000000E+05   0.2000000000000000E+06   0.9999999939225290E-08   0.9999999939225290E-08
  0.1154334808297733E-18   0.1880046141435470E-07   0.9999999961374775E-08   0.1999999958807674E+01   0.3885995263167153E-07   0.8620545631929495E-08   0.7847920181193965E-09   0.6591970879778165E-09   0.2000000030863064E+01   0.8101184391986000E-09   0.4999991808573405E+00   0.1000007829723619E+00   0.8547804434711976E-10   0.1300000000000000E+05   0.2000000000000000E+06   0.9999999939225290E-08   0.9999999939225290E-08
  0.1165445919408844E-18   0.1881507906198765E-07   0.9999999961587976E-08   0.1999999958739253E+01   0.3890812656452920E-07   0.8608237522917843E-08   0.7637291726436889E-09   0.6415050538192692E-09   0.2000000030922745E+01   0.7883758634176988E-09   0.4999991794621946E+00   0.1000007843047162E+00   0.8318391927471697E-10   0.1300000000000000E+05   0.2000000000000000E+06   0.9999999939225290E-08   0.9999999939225290E-08
  0.1176557030519955E-18   0.1882930439020844E-07   0.9999999961801178E-08   0.1999999958672669E+01   0.3895500756924797E-07   0.8595946987021092E-08   0.7432316275867795E-09   0.6242878517743864E-09   0.2000000030980825E+01   0.7672168311950270E-09   0.4999991781041799E+00   0.1000007856016247E+00   0.8095136566268118E-10   0.1300000000000000E+05   0.2000000000000000E+06   0.9999999939225290E-08   0.9999999939225290E-08
  0.1187668141631067E-18   0.1884314792837185E-07   0.9999999962014381E-08   0.1999999958607872E+01   0.3900063034637311E-07   0.8583673999147980E-08   0.7232842110063740E-09   0.6075327379520027E-09   0.2000000031037346E+01   0.7466256809641875E-09   0.4999991767823002E+00   0.1000007868640380E+00   0.7877873101080980E-10   0.1300000000000000E+05   0.2000000000000000E+06   0.9999999939225290E-08   0.9999999939225290E-08
  0.1198779252742178E-18   0.1885661992323855E-07   0.9999999962227583E-08   0.1999999958544814E+01   0.3904502866513307E-07   0.8571418534243094E-08   0.7038721581550401E-09   0.5912273104902819E-09   0.2000000031092349E+01   0.7265871714945874E-09   0.4999991754955863E+00   0.1000007880928815E+00   0.7666440716985815E-10   0.1300000000000000E+05   0.2000000000000000E+06   0.9999999939225290E-08   0.9999999939225290E-08
  0.1209890363853289E-18   0.1886973034655962E-07   0.9999999962440784E-08   0.1999999958483449E+01   0.3908823538843460E-07   0.8559180567286822E-08   0.6849811005516725E-09   0.5753595003771257E-09   0.2000000031145877E+01   0.7070864706102162E-09   0.4999991742430948E+00   0.1000007892890558E+00   0.7460682915122082E-10   0.1300000000000000E+05   0.2000000000000000E+06   0.9999999939225290E-08   0.9999999939225290E-08
  0.1221001474964400E-18   0.1888248890245736E-07   0.9999999962653987E-08   0.1999999958423730E+01   0.3913028249718719E-07   0.8546960073295304E-08   0.6665970553462644E-09   0.5599175625169497E-09   0.2000000031197967E+01   0.6881091442111928E-09   0.4999991730239076E+00   0.1000007904534373E+00   0.7260447396855888E-10   0.1300000000000000E+05   0.2000000000000000E+06   0.9999999939225290E-08   0.9999999939225290E-08
  0.1232112586075511E-18   0.1889490503460811E-07   0.9999999962867189E-08   0.1999999958365614E+01   0.3917120111397466E-07   0.8534757027320370E-08   0.6487064149701119E-09   0.5448900670372123E-09   0.2000000031248660E+01   0.6696411455899602E-09   0.4999991718371314E+00   0.1000007915868788E+00   0.7065585951051633E-10   0.1300000000000000E+05   0.2000000000000000E+06   0.9999999939225290E-08   0.9999999939225290E-08
  0.1243223697186622E-18   0.1890698793323223E-07   0.9999999963080392E-08   0.1999999958309058E+01   0.3921102152609145E-07   0.8522571404449502E-08   0.6312959370637893E-09   0.5302658908282641E-09   0.2000000031297993E+01   0.6516688050342137E-09   0.4999991706818966E+00   0.1000007926902101E+00   0.6875954344369125E-10   0.1300000000000000E+05   0.2000000000000000E+06   0.9999999939225290E-08   0.9999999939225290E-08
  0.1254334808297733E-18   0.1891874654189654E-07   0.9999999963293593E-08   0.1999999958254020E+01   0.3924977320796054E-07   0.8510403179805774E-08   0.6143527346754416E-09   0.5160342093102532E-09   0.2000000031346000E+01   0.6341788197088714E-09   0.4999991695573574E+00   0.1000007937642391E+00   0.6691412214504927E-10   0.1300000000000000E+05   0.2000000000000000E+06   0.9999999939225290E-08   0.9999999939225290E-08
  0.1265445919408844E-18   0.1893018956413414E-07   0.9999999963506795E-08   0.1999999958200459E+01   0.3928748484294987E-07   0.8498252328547798E-08   0.5978642667221416E-09   0.5021844884209958E-09   0.2000000031392721E+01   0.6171582438095983E-09   0.4999991684626902E+00   0.1000007948097517E+00   0.6511822966298969E-10   0.1300000000000000E+05   0.2000000000000000E+06   0.9999999939225290E-08   0.9999999939225290E-08
  0.1276557030519955E-18   0.1894132546988662E-07   0.9999999963719998E-08   0.1999999958148335E+01   0.3932418434460317E-07   0.8486118825869679E-08   0.5818183287072467E-09   0.4887064768188787E-09   0.2000000031438187E+01   0.6005944789805926E-09   0.4999991673970937E+00   0.1000007958275127E+00   0.6337053670629506E-10   0.1300000000000000E+05   0.2000000000000000E+06   0.9999999939225290E-08   0.9999999939225290E-08
  0.1287668141631066E-18   0.1895216250177329E-07   0.9999999963933198E-08   0.1999999958097610E+01   0.3935989887730089E-07   0.8474002647000964E-08   0.5662030436868892E-09   0.4755901982950264E-09   0.2000000031482433E+01   0.5844752649895452E-09   0.4999991663597882E+00   0.1000007968182666E+00   0.6166974966021580E-10   0.1300000000000000E+05   0.2000000000000000E+06   0.9999999939225290E-08   0.9999999939225290E-08
  0.1298779252742177E-18   0.1896270868119221E-07   0.9999999964146401E-08   0.1999999958048247E+01   0.3939465487636685E-07   0.8461903767206586E-08   0.5510068534789118E-09   0.4628259443891112E-09   0.2000000031525491E+01   0.5687886706528687E-09   0.4999991653500149E+00   0.1000007977827378E+00   0.6001460962896162E-10   0.1300000000000000E+05   0.2000000000000000E+06   0.9999999939225290E-08   0.9999999939225290E-08
  0.1309890363853288E-18   0.1897297181425751E-07   0.9999999964359603E-08   0.1999999958000209E+01   0.3942847806763501E-07   0.8449822161786814E-08   0.5362185101077412E-09   0.4504042672033468E-09   0.2000000031567393E+01   0.5535230850044800E-09   0.4999991643670351E+00   0.1000007987216313E+00   0.5840389150389123E-10   0.1300000000000000E+05   0.2000000000000000E+06   0.9999999939225290E-08   0.9999999939225290E-08
  0.1321001474964399E-18   0.1898295949757727E-07   0.9999999964572806E-08   0.1999999957953459E+01   0.3946139348649124E-07   0.8437757806077205E-08   0.5218270674788694E-09   0.4383159724093421E-09   0.2000000031608171E+01   0.5386672087015986E-09   0.4999991634101303E+00   0.1000007996356330E+00   0.5683640305671038E-10   0.1300000000000000E+05   0.2000000000000000E+06   0.9999999939225290E-08   0.9999999939225290E-08
  0.1332112586075510E-18   0.1899267912387640E-07   0.9999999964786007E-08   0.1999999957907964E+01   0.3949342549640406E-07   0.8425710675448546E-08   0.5078218732767781E-09   0.4265521124426409E-09   0.2000000031647855E+01   0.5242100456612017E-09   0.4999991624786011E+00   0.1000008005254105E+00   0.5531098405700719E-10   0.1300000000000000E+05   0.2000000000000000E+06   0.9999999939225290E-08   0.9999999939225290E-08
  0.1343223697186621E-18   0.1900213788746860E-07   0.9999999964999209E-08   0.1999999957863691E+01   0.3952459780695792E-07   0.8413680745306816E-08   0.4941925610803117E-09   0.4151039798799104E-09   0.2000000031686473E+01   0.5101408949209430E-09   0.4999991615717669E+00   0.1000008013916137E+00   0.5382650541347154E-10   0.1300000000000000E+05   0.2000000000000000E+06   0.9999999939225290E-08   0.9999999939225290E-08
  0.1354334808297732E-18   0.1901134278958140E-07   0.9999999965212412E-08   0.1999999957820606E+01   0.3955493349140261E-07   0.8401667991093122E-08   0.4809290426896610E-09   0.4039631009938760E-09   0.2000000031724055E+01   0.4964493427185132E-09   0.4999991606889653E+00   0.1000008022348747E+00   0.5238186833816295E-10   0.1300000000000000E+05   0.2000000000000000E+06   0.9999999939225290E-08   0.9999999939225290E-08
  0.1365445919408843E-18   0.1902030064353842E-07   0.9999999965425614E-08   0.1999999957778677E+01   0.3958445500373156E-07   0.8389672388283656E-08   0.4680215006592800E-09   0.3931212294812330E-09   0.2000000031760628E+01   0.4831252547835788E-09   0.4999991598295517E+00   0.1000008030558089E+00   0.5097600353320820E-10   0.1300000000000000E+05   0.2000000000000000E+06   0.9999999939225290E-08   0.9999999939225290E-08
  0.1666666666666667E-01   0.1151883522256654E-01   0.1989552326705330E-04   0.1980285241021700E+01   0.3420138302234994E-01   0.2515696808812255E-14   0.3843670789975613E-19   0.1656056568111659E-19   0.1985513405955957E+01   0.3152539488533505E-19   0.1267154700526223E+00   0.4275643331925770E+00   0.9719477512735216E-21   0.1300000000000000E+05   0.2000000000000000E+06   0.9999999939225290E-08   0.9999999939225290E-08
  0.3333333333333333E-01   0.2027300790540333E-01   0.2151220792896874E-04   0.1971803135177986E+01   0.7065258559269537E-01   0.6330124023258543E-02   0.4368638225793155E-07   0.2278614007822378E-19   0.1957544282851092E+01   0.2637822384157280E-07   0.5970744932472235E-13   0.5090744279919585E+00   0.5150531968020051E-21   0.1300000000000000E+05   0.2000000000000000E+06   0.9999999939225290E-08   0.9999999939225290E-08
  0.5000000000000000E-01   0.2682737006317761E-01   0.2045291256249941E-04   0.1965598568215671E+01   0.1085999303353475E+00   0.8549299490416602E-01   0.6381345218568614E-06   0.3438188633667314E-19   0.1925801145243239E+01   0.3862057375630815E-06   0.4026801111225787E-14   0.4645727210915879E+00   0.5207787478326401E-21   0.1300000000000000E+05   0.2000000000000000E+06   0.9999999939225290E-08   0.9999999939225290E-08
  0.6666666666666667E-01   0.3285445663752708E-01   0.1948274223483530E-04   0.1959343982932308E+01   0.1463496830444274E+00   0.1636685304659517E+00   0.1331504787612328E-05   0.4829814019647270E-19   0.1894305556246424E+01   0.8077768353583280E-06   0.1906833451363169E-14   0.4207958818081608E+00   0.5267197831941622E-21   0.1300000000000000E+05   0.2000000000000000E+06   0.9999999939225290E-08   0.9999999939225290E-08
  0.8333333333333333E-01   0.3835312436042845E-01   0.1827991223116657E-04   0.1953037343904138E+01   0.1839085579901562E+00   0.2408694855070979E+00   0.2154034330715494E-05   0.6526317395125164E-19   0.1863052818103026E+01   0.1310002675724182E-05   0.1160348619586810E-14   0.3777383391395314E+00   0.5328890705756207E-21   0.1300000000000000E+05   0.2000000000000000E+06   0.9999999939225290E-08   0.9999999939225290E-08
  0.1000000000000000E+00   0.4332187159079248E-01   0.1758868911416335E-04   0.1946676495361952E+01   0.2212834881677600E+00   0.3171075835500923E+00   0.3154941675092159E-05   0.8635091370964326E-19   0.1832038122807367E+01   0.1923662916669691E-05   0.7835392650149308E-15   0.3353946617315640E+00   0.5393018410556313E-21   0.1300000000000000E+05   0.2000000000000000E+06   0.9999999939225290E-08   0.9999999939225290E-08
  0.1166666666666667E+00   0.4775880514350001E-01   0.1630945650303319E-04   0.1940259147502127E+01   0.2584816568734976E+00   0.3923964515885525E+00   0.4401568802340607E-05   0.1131894339450718E-18   0.1801256534731381E+01   0.2690892990910500E-05   0.5540940348714210E-15   0.2937595594731190E+00   0.5459709372440994E-21   0.1300000000000000E+05   0.2000000000000000E+06   0.9999999939225290E-08   0.9999999939225290E-08
  0.1333333333333333E+00   0.5166161089450930E-01   0.1499059290873158E-04   0.1933782873548827E+01   0.2955104769124693E+00   0.4667480642799549E+00   0.6008584738262261E-05   0.1484025961279402E-18   0.1770702996102241E+01   0.3683436459395599E-05   0.4004455765949994E-15   0.2528279336831383E+00   0.5529134539678232E-21   0.1300000000000000E+05   0.2000000000000000E+06   0.9999999939225290E-08   0.9999999939225290E-08
  0.1500000000000000E+00   0.5502751948796764E-01   0.1417250069389820E-04   0.1927245106132155E+01   0.3323775671034541E+00   0.5401743267970481E+00   0.8171796713302733E-05   0.1964879885470027E-18   0.1740372332945685E+01   0.5023818703482913E-05   0.2904841604347059E-15   0.2125949348986954E+00   0.5601467563056182E-21   0.1300000000000000E+05   0.2000000000000000E+06   0.9999999939225290E-08   0.9999999939225290E-08
  0.1666666666666667E+00   0.5785326719870441E-01   0.1268269964828294E-04   0.1920643149296607E+01   0.3690906415933311E+00   0.6126885479509203E+00   0.1125889718190964E-04   0.2658507991180555E-18   0.1710259296952500E+01   0.6942157560486350E-05   0.2079911889036322E-15   0.1730561126980818E+00   0.5676809291638576E-21   0.1300000000000000E+05   0.2000000000000000E+06   0.9999999939225290E-08   0.9999999939225290E-08
